Date,Open,High,Low,Close,Volume,OH_ratio,OL_ratio,CH_ratio,CL_ratio,Price_Change,Returns,Day_Range,Mean_5,Std_5,Z_Score_5,Skew_5,Kurt_5,Z_score_5,Mean_20,Std_20,Z_Score_20,Skew_20,Kurt_20,Z_score_20,Mean_50,Std_50,Z_Score_50,Skew_50,Kurt_50,Z_score_50,Mean_100,Std_100,Z_Score_100,Skew_100,Kurt_100,Z_score_100,Mean_200,Std_200,Z_Score_200,Skew_200,Kurt_200,Z_score_200,Parkinson_Vol_5,GK_Vol_5,YZ_Vol_5,Parkinson_Vol_20,GK_Vol_20,YZ_Vol_20,Parkinson_Vol_50,GK_Vol_50,YZ_Vol_50,Parkinson_Vol_100,GK_Vol_100,YZ_Vol_100,Parkinson_Vol_200,GK_Vol_200,YZ_Vol_200,Returns_Slope_5,Returns_MSE_5,Returns_Slope_20,Returns_MSE_20,Returns_Slope_50,Returns_MSE_50,Returns_Slope_100,Returns_MSE_100,Returns_Slope_200,Returns_MSE_200
2021-01-14,93.75,96.35,93.75,94.45,285604.0,97.301505,100.0,98.028023,100.746667,0.7,,2.6,,,,,,,,,,,,,,,,,,,,,,,,,,,,,,,,,,,,,,,,,,,,,,,,,,,,,,,
2021-01-15,96.0,96.0,91.45,92.4,105270.0,100.0,104.975396,96.25,101.038819,3.6,-2.170461,4.55,,,,,,,,,,,,,,,,,,,,,,,,,,,,,,,,,,,,,,,,,,,,,,,,,,,,,,,
2021-01-18,93.45,93.45,87.95,89.45,95445.0,100.0,106.253553,95.719636,101.705514,4.0,-3.192641,5.5,,,,,,,,,,,,,,,,,,,,,,,,,,,,,,,,,,,,,,,,,,,,,,,,,,,,,,,
2021-01-19,90.2,92.8,89.15,89.9,63463.0,97.198276,101.17779,96.875,100.841279,0.3,0.503074,3.65,,,,,,,,,,,,,,,,,,,,,,,,,,,,,,,,,,,,,,,,,,,,,,,,,,,,,,,
2021-01-20,89.1,91.35,86.1,87.0,143143.0,97.536946,103.484321,95.238095,101.045296,2.1,-3.225806,5.25,,,,,,,,,,,,,,,,,,,,,,,,,,,,,,,0.029297,0.029666,,,,,,,,,,,,,,,,,,,,,,,
2021-01-21,87.45,87.6,85.0,85.2,150715.0,99.828767,102.882353,97.260274,100.235294,2.25,-2.068966,2.6,-2.03096,1.518173,-0.025034,1.547464,2.610512,-0.025034,,,,,,,,,,,,,,,,,,,,,,,,,0.029493,0.029117,0.031094,,,,,,,,,,,,,0.016982,1.843302,,,,,,,,
2021-01-22,85.2,89.9,84.5,88.9,532341.0,94.771969,100.828402,98.887653,105.207101,3.7,4.342723,5.4,-0.728323,3.214788,1.577412,1.245556,0.690739,1.577412,,,,,,,,,,,,,,,,,,,,,,,,,0.03125,0.031129,0.031832,,,,,,,,,,,,,1.249869,5.143547,,,,,,,,
2021-01-25,90.7,90.7,85.4,86.15,54616.0,100.0,106.206089,94.983462,100.87822,4.55,-3.093363,5.3,-0.708468,3.196015,-0.746209,1.258739,0.734736,-0.746209,,,,,,,,,,,,,,,,,,,,,,,,,0.031188,0.030114,0.031588,,,,,,,,,,,,,0.037565,8.168785,,,,,,,,
2021-01-27,86.15,86.5,84.0,84.25,60708.0,99.595376,102.559524,97.398844,100.297619,1.9,-2.205456,2.5,-1.250174,3.168752,-0.30147,2.089459,4.47909,-0.30147,,,,,,,,,,,,,,,,,,,,,,,,,0.030308,0.028183,0.029179,,,,,,,,,,,,,0.10163,8.012133,,,,,,,,
2021-01-28,84.25,85.8,82.75,84.7,29087.0,98.193473,101.812689,98.717949,102.356495,0.45,0.534125,3.05,-0.498187,3.025604,0.341192,1.327053,1.102685,0.341192,,,,,,,,,,,,,,,,,,,,,,,,,0.027575,0.024833,0.025703,,,,,,,,,,,,,-0.1342,7.287406,,,,,,,,
2021-01-29,85.15,86.25,83.45,83.95,31874.0,98.724638,102.037148,97.333333,100.599161,1.2,-0.885478,2.8,-0.26149,2.916318,-0.213964,1.139106,1.133622,-0.213964,,,,,,,,,,,,,,,,,,,,,,,,,0.027811,0.025918,0.026677,,,,,,,,,,,,,-0.682891,5.871249,,,,,,,,
2021-02-01,85.8,85.8,83.5,84.6,40618.0,100.0,102.754491,98.601399,101.317365,1.2,0.77427,2.3,-0.97518,1.684258,1.038707,-0.224347,-2.255961,1.038707,,,,,,,,,,,,,,,,,,,,,,,,,0.02345,0.022049,0.02552,,,,,,,,,,,,,0.905524,0.629431,,,,,,,,
2021-02-02,85.0,89.7,84.6,87.45,744371.0,94.760312,100.472813,97.491639,103.368794,2.45,3.368794,5.1,0.317251,2.084372,1.464011,0.493558,0.566037,1.464011,,,,,,,,,,,,,,,,,,,,,,,,,0.023142,0.024668,0.026586,,,,,,,,,,,,,1.138865,0.88166,,,,,,,,
2021-02-03,92.8,92.8,89.05,89.5,430563.0,100.0,104.211117,96.443966,100.505334,3.3,2.344197,3.75,1.227182,1.657032,0.674106,0.124634,-0.905885,0.674106,,,,,,,,,,,,,,,,,,,,,,,,,0.024418,0.025096,0.037895,,,,,,,,,,,,,0.787442,0.956474,,,,,,,,
2021-02-04,90.25,91.1,89.15,90.85,334861.0,99.066959,101.233875,99.725576,101.906898,0.6,1.50838,1.95,1.422033,1.611825,0.053571,-0.437369,0.077238,0.053571,,,,,,,,,,,,,,,,,,,,,,,,,0.023141,0.023333,0.037156,,,,,,,,,,,,,0.635764,1.269993,,,,,,,,
2021-02-05,91.0,92.3,90.2,91.45,205127.0,98.591549,100.886918,99.07909,101.385809,0.45,0.660429,2.1,1.731214,1.136815,-0.941917,0.710909,-0.89873,-0.941917,,,,,,,,,,,,,,,,,,,,,,,,,0.022252,0.022409,0.036517,,,,,,,,,,,,,-0.20881,0.946676,,,,,,,,
2021-02-08,91.45,96.5,89.8,95.85,744813.0,94.766839,101.837416,99.326425,106.737194,4.4,4.811372,6.7,2.538635,1.618749,1.404009,0.450394,-0.585428,1.404009,,,,,,,,,,,,,,,,,,,,,,,,,0.028555,0.028122,0.03869,,,,,,,,,,,,,0.120139,2.067411,,,,,,,,
2021-02-09,96.75,99.5,93.45,96.8,381164.0,97.236181,103.5313,97.286432,103.584805,0.05,0.991132,6.05,2.063102,1.662553,-0.644773,1.506713,2.199416,-0.644773,,,,,,,,,,,,,,,,,,,,,,,,,0.029191,0.030068,0.039665,,,,,,,,,,,,,0.059686,2.204141,,,,,,,,
2021-02-10,96.1,102.4,95.1,98.4,600904.0,93.847656,101.051525,96.09375,103.470032,2.3,1.652893,7.3,1.924841,1.662078,-0.16362,1.916854,3.920266,-0.16362,,,,,,,,,,,,,,,,,,,,,,,,,0.033525,0.036592,0.036502,,,,,,,,,,,,,0.061973,2.20232,,,,,,,,
2021-02-11,98.85,102.9,98.5,101.6,317136.0,96.06414,100.35533,98.736638,103.147208,2.75,3.252033,4.4,2.273572,1.73421,0.564211,0.857622,-0.810831,0.564211,,,,,,,,,,,,,,,,,,,,,,,,,0.035041,0.037793,0.037463,0.029078,0.029451,,,,,,,,,,,0.202473,2.323998,,,,,,,,
2021-02-12,102.0,102.0,97.5,98.7,212517.0,100.0,104.615385,96.764706,101.230769,3.3,-2.854331,4.5,1.57062,2.883244,-1.534712,-0.835219,1.076271,-1.534712,0.252346,2.602356,-1.193794,0.137841,-1.144383,-1.193794,,,,,,,,,,,,,,,,,,,0.036559,0.038695,0.038523,0.029474,0.029661,0.03352,,,,,,,,,,-1.307051,3.233715,0.207745,4.998642,,,,,,
2021-02-15,99.2,100.5,95.5,97.9,293475.0,98.706468,103.874346,97.412935,102.513089,1.3,-0.810537,5.0,0.446238,2.35046,-0.534693,-0.447081,-0.409021,-0.534693,0.320342,2.553018,-0.442958,0.102947,-1.029635,-0.442958,,,,,,,,,,,,,,,,,,,0.033925,0.037377,0.037332,0.02955,0.030179,0.03371,,,,,,,,,,-0.811056,3.104105,0.154306,5.400313,,,,,,
2021-02-16,99.05,99.8,96.0,97.1,78074.0,99.248497,103.177083,97.294589,101.145833,1.95,-0.81716,3.8,0.084579,2.38453,-0.378163,0.270477,-0.939684,-0.378163,0.439116,2.433439,-0.516256,0.126018,-0.859115,-0.516256,,,,,,,,,,,,,,,,,,,0.031237,0.033522,0.034075,0.028879,0.029762,0.033261,,,,,,,,,,-0.900268,2.927822,0.082588,5.398753,,,,,,
2021-02-17,101.6,101.6,97.0,99.7,717030.0,100.0,104.742268,98.129921,102.783505,1.9,2.677652,4.6,0.289531,2.588355,0.92264,0.140796,-2.145891,0.92264,0.547845,2.484493,0.85724,0.015206,-1.044169,0.85724,,,,,,,,,,,,,,,,,,,0.02713,0.028409,0.035663,0.029046,0.029875,0.034922,,,,,,,,,,0.088841,5.343878,0.115577,5.419915,,,,,,
2021-02-18,101.35,114.45,99.2,110.35,2422833.0,88.553954,102.167339,96.41765,111.239919,9.0,10.682046,15.25,1.775534,5.361559,1.66118,1.549836,2.350737,1.66118,1.243238,3.212406,2.938236,1.204434,2.693576,2.938236,,,,,,,,,,,,,,,,,,,0.045534,0.046476,0.050502,0.033901,0.034458,0.03869,,,,,,,,,,3.056094,4.317626,0.200767,8.463355,,,,,,
2021-02-19,111.4,116.7,104.0,109.75,601973.0,95.45844,107.115385,94.044559,105.528846,1.65,-0.543725,12.7,2.237655,4.94623,-0.562323,1.80387,3.10628,-0.562323,1.3195,3.147077,-0.592049,1.257688,2.9909,-0.592049,,,,,,,,,,,,,,,,,,,0.053703,0.057881,0.060011,0.037045,0.038799,0.042119,,,,,,,,,,1.203283,16.676376,0.122941,8.90633,,,,,,
2021-02-22,112.0,112.0,103.35,103.95,285806.0,100.0,108.369618,92.8125,100.580552,8.05,-5.284738,8.65,1.342815,5.940371,-1.11568,1.011841,1.611086,-1.11568,0.838127,3.387434,-1.807523,1.010614,2.866218,-1.807523,,,,,,,,,,,,,,,,,,,0.056234,0.057615,0.060525,0.037678,0.038709,0.04239,,,,,,,,,,-1.215653,25.274777,0.07633,10.707248,,,,,,
2021-02-23,104.75,110.5,103.85,105.75,251145.0,94.79638,100.866635,95.701357,101.829562,1.0,1.731602,6.65,1.852567,5.816752,-0.020796,0.659614,1.50635,-0.020796,1.079375,3.262201,0.199935,0.988112,3.349782,0.199935,,,,,,,,,,,,,,,,,,,0.057718,0.059813,0.063105,0.037732,0.039414,0.042978,,,,,,,,,,-1.785888,20.688892,0.027018,10.085584,,,,,,
2021-02-24,106.8,107.0,102.6,105.7,86528.0,99.813084,104.093567,98.785047,103.021442,1.1,-0.047281,4.4,1.307581,5.847693,-0.231692,1.101411,2.290914,-0.231692,1.187284,3.182547,-0.387917,1.012816,3.805787,-0.387917,,,,,,,,,,,,,,,,,,,0.057478,0.059653,0.059797,0.037947,0.039794,0.043518,,,,,,,,,,-1.918333,19.996407,-0.040943,9.566434,,,,,,
2021-02-25,106.8,107.7,103.65,104.35,128681.0,99.164345,103.039074,96.889508,100.67535,2.45,-1.2772,4.05,-1.084268,2.597009,-0.07429,-1.201789,2.316611,-0.07429,1.096718,3.227566,-0.735513,1.039033,3.56649,-0.735513,,,,,,,,,,,,,,,,,,,0.043985,0.04667,0.047772,0.037985,0.03972,0.043528,,,,,,,,,,0.377051,5.11123,-0.086463,9.647751,,,,,,
2021-02-26,102.7,104.4,98.5,100.85,165713.0,98.371648,104.263959,96.599617,102.385787,1.85,-3.354097,5.9,-1.646343,2.750369,-0.620918,-0.209526,-0.998672,-0.620918,0.973287,3.352159,-1.290924,0.925434,2.940407,-1.290924,,,,,,,,,,,,,,,,,,,0.034946,0.034362,0.037911,0.038526,0.040405,0.044199,,,,,,,,,,0.085248,6.037089,-0.181344,9.581674,,,,,,
2021-03-01,108.0,118.25,105.8,112.85,577512.0,91.331924,102.079395,95.433404,106.663516,4.85,11.89886,12.45,1.790377,5.946375,1.69994,1.707559,3.238859,1.69994,1.529516,4.146293,2.500871,1.10898,1.827937,2.500871,,,,,,,,,,,,,,,,,,,0.040595,0.045311,0.055715,0.04116,0.043475,0.048997,,,,,,,,,,1.70277,22.488649,-0.028407,16.305326,,,,,,
2021-03-02,113.0,114.6,109.5,110.1,253782.0,98.603839,103.196347,96.073298,100.547945,2.9,-2.436863,5.1,0.956684,6.241562,-0.543702,2.019943,4.222328,-0.543702,1.239233,4.213431,-0.872471,1.23319,1.928726,-0.872471,,,,,,,,,,,,,,,,,,,0.038982,0.042776,0.052871,0.040862,0.043114,0.04863,,,,,,,,,,0.83969,29.75552,-0.056028,16.760977,,,,,,
2021-03-03,111.0,111.75,109.4,110.7,481868.0,99.328859,101.462523,99.060403,101.1883,0.3,0.544959,2.35,1.075132,6.223339,-0.085191,1.944189,3.910379,-0.085191,1.149271,4.207802,-0.143617,1.308102,2.092183,-0.143617,,,,,,,,,,,,,,,,,,,0.037749,0.041308,0.051125,0.040585,0.043043,0.046733,,,,,,,,,,0.456155,30.567806,-0.048499,16.742103,,,,,,
2021-03-04,110.0,111.9,107.6,110.5,353161.0,98.302055,102.230483,98.748883,102.695167,0.5,-0.180668,4.3,1.294438,6.138463,-0.240306,1.867109,3.719373,-0.240306,1.064819,4.217154,-0.295338,1.364311,2.1748,-0.295338,,,,,,,,,,,,,,,,,,,0.037812,0.041869,0.05145,0.040822,0.043357,0.046966,,,,,,,,,,-0.500704,29.64317,-0.061828,16.768064,,,,,,
2021-03-05,111.0,118.3,104.5,111.85,407435.0,93.829248,106.220096,94.54776,107.033493,0.85,1.221719,13.8,2.209601,5.588642,-0.176766,1.886033,3.944141,-0.176766,1.092883,4.216189,0.030557,1.343114,2.135489,0.030557,,,,,,,,,,,,,,,,,,,0.047911,0.054536,0.060591,0.043981,0.04744,0.050263,,,,,,,,,,-1.909809,17.691601,-0.065972,16.742723,,,,,,
2021-03-08,110.65,114.0,108.75,109.4,249566.0,97.061404,101.747126,95.964912,100.597701,1.25,-2.190434,5.25,-0.608257,1.636203,-0.966981,-0.22211,-2.686883,-0.966981,0.742793,4.18173,-0.701439,1.586917,2.905815,-0.701439,,,,,,,,,,,,,,,,,,,0.039534,0.045803,0.044358,0.043371,0.047084,0.050083,,,,,,,,,,0.116962,2.114367,-0.054164,16.514979,,,,,,
2021-03-09,110.0,112.15,106.05,106.8,236480.0,98.082925,103.724658,95.229603,100.707214,3.2,-2.3766,6.1,-0.596205,1.619502,-1.099347,-0.208897,-2.702192,-1.099347,0.574406,4.238622,-0.696218,1.633046,2.895447,-0.696218,,,,,,,,,,,,,,,,,,,0.040486,0.04678,0.045393,0.043203,0.046689,0.049774,,,,,,,,,,-0.785288,0.864874,-0.094805,16.768765,,,,,,
2021-03-10,107.8,107.9,103.9,104.75,144701.0,99.907322,103.753609,97.08063,100.818094,3.05,-1.919476,4.0,-1.089092,1.559267,-0.532548,0.994258,-0.833701,-0.532548,0.395788,4.265964,-0.542729,1.728871,3.083441,-0.542729,,,,,,,,,,,,,,,,,,,0.041346,0.047146,0.045831,0.04235,0.045538,0.048691,,,,,,,,,,-0.707593,0.943673,-0.113403,16.860923,,,,,,
2021-03-12,108.25,108.25,101.0,101.65,265442.0,100.0,107.178218,93.903002,100.643564,6.6,-2.959427,7.25,-1.644843,1.647261,-0.798042,1.930399,4.034908,-0.798042,0.085215,4.273177,-0.712501,1.917074,3.696801,-0.712501,,,,,,,,,,,,,,,,,,,0.044106,0.047388,0.048371,0.042962,0.045653,0.049382,,,,,,,,,,-0.809134,0.86138,-0.116236,16.897802,,,,,,
2021-03-15,103.6,103.6,98.55,100.4,333480.0,100.0,105.124302,96.911197,101.87722,3.2,-1.22971,5.05,-2.135129,0.633862,1.428417,0.291133,0.821994,1.428417,0.166446,4.229576,-0.330094,1.930822,3.797372,-0.330094,,,,,,,,,,,,,,,,,,,0.03187,0.029754,0.035255,0.043059,0.0458,0.049713,,,,,,,,,,0.133862,0.285587,-0.181435,15.900301,,,,,,
2021-03-16,101.75,111.0,100.55,108.1,466555.0,91.666667,101.193436,97.387387,107.508702,6.35,7.669323,10.45,-0.163178,4.424036,1.770442,2.122946,4.594186,1.770442,0.590439,4.540115,1.559186,1.513371,1.755185,1.559186,,,,,,,,,,,,,,,,,,,0.039504,0.03698,0.040771,0.044536,0.047005,0.050834,,,,,,,,,,2.078161,7.02017,-0.089677,19.314614,,,,,,
2021-03-17,108.9,109.0,103.1,104.15,266863.0,99.908257,105.625606,95.550459,101.018429,4.75,-3.654024,5.9,-0.418663,4.616514,-0.700824,2.011158,4.207845,-0.700824,0.448596,4.629834,-0.886127,1.485825,1.624175,-0.886127,,,,,,,,,,,,,,,,,,,0.039476,0.03575,0.039837,0.044857,0.0471,0.050917,,,,,,,,,,0.715965,16.024546,-0.172538,19.373771,,,,,,
2021-03-18,105.0,106.55,101.25,102.3,272094.0,98.545284,103.703704,96.011262,101.037037,2.7,-1.776284,5.3,-0.390025,4.605306,-0.301014,1.99853,4.172159,-0.301014,0.225899,4.624087,-0.43299,1.638972,2.020778,-0.43299,,,,,,,,,,,,,,,,,,,0.040536,0.037509,0.041143,0.044948,0.047155,0.049825,,,,,,,,,,-0.005803,16.96701,-0.169126,19.362004,,,,,,
2021-03-19,101.6,104.9,99.45,103.15,235808.0,96.854147,102.16189,98.331745,103.720463,1.55,0.83089,5.45,0.368039,4.383232,0.105596,1.535368,2.603425,0.105596,-0.266659,3.923238,0.279756,1.997516,4.654957,0.279756,,,,,,,,,,,,,,,,,,,0.038754,0.038717,0.03938,0.041266,0.043806,0.0468,,,,,,,,,,-0.532441,14.803191,0.004614,14.621502,,,,,,
2021-03-22,104.0,105.05,101.6,102.45,49390.0,99.000476,102.362205,97.524988,100.836614,1.55,-0.678623,3.45,0.478256,4.339725,-0.266579,1.469937,2.548992,-0.266579,-0.273404,3.923856,-0.103271,2.002256,4.666791,-0.103271,,,,,,,,,,,,,,,,,,,0.037445,0.037675,0.037267,0.038518,0.040186,0.04389,,,,,,,,,,-1.221098,12.08441,-0.005646,14.625752,,,,,,
2021-03-23,103.15,105.05,102.1,103.6,96637.0,98.191337,101.028404,98.619705,101.469148,0.45,1.122499,2.95,-0.831109,1.966232,0.993579,-0.618801,-0.766075,0.993579,0.046958,3.75092,0.28674,2.14921,5.092109,0.28674,,,,,,,,,,,,,,,,,,,0.027486,0.028365,0.028094,0.037172,0.039759,0.043206,,,,,,,,,,1.065071,0.824105,-0.064831,13.226182,,,,,,
2021-03-24,104.45,104.45,101.0,101.65,217033.0,100.0,103.415842,97.319292,100.643564,2.8,-1.882239,3.45,-0.476752,1.411777,-0.995545,0.199456,-2.895851,-0.995545,-0.133734,3.752539,-0.465953,2.29383,5.605999,-0.465953,,,,,,,,,,,,,,,,,,,0.024768,0.02654,0.026358,0.036505,0.038732,0.042109,,,,,,,,,,0.00797,1.594365,-0.065791,13.233551,,,,,,
2021-03-25,100.0,102.45,99.55,101.2,145240.0,97.60859,100.452034,98.779893,101.657459,1.2,-0.442696,2.9,-0.210034,1.217492,-0.191099,-0.29956,-1.060849,-0.191099,-0.153505,3.753101,-0.077054,2.310326,5.660432,-0.077054,,,,,,,,,,,,,,,,,,,0.022026,0.023831,0.02483,0.036272,0.038419,0.041779,,,,,,,,,,-0.375079,0.904461,-0.06884,13.223911,,,,,,
2021-03-26,106.0,106.0,101.05,101.95,255939.0,100.0,104.898565,96.179245,100.890648,4.05,0.741107,4.95,-0.227991,1.19882,0.808376,-0.303543,-0.89483,0.808376,-0.052589,3.748428,0.211741,2.231584,5.403215,0.211741,,,,,,,,,,,,,,,,,,,0.02109,0.020309,0.030164,0.036475,0.038439,0.043041,0.035654,0.037037,,,,,,,,0.127427,1.117261,-0.073802,13.167074,,,,,,
2021-03-30,101.5,103.7,100.25,102.15,117523.0,97.878496,101.246883,98.505304,101.895262,0.65,0.196175,3.45,-0.053031,1.180304,0.211137,-1.023476,0.714258,0.211137,0.124924,3.667032,0.01943,2.264713,5.61555,0.01943,0.210039,3.351073,-0.004137,1.611215,3.566973,-0.004137,,,,,,,,,,,,,0.021141,0.020729,0.030251,0.035917,0.037778,0.042377,0.035694,0.037092,0.040834,,,,,,,0.07707,1.102615,-0.122378,12.276803,-0.001644,11.00453,,,,
2021-03-31,102.1,103.8,101.0,101.8,123233.0,98.362235,101.089109,98.073218,100.792079,0.3,-0.342633,2.8,-0.346057,0.980452,0.003492,-0.964504,1.539834,0.003492,-0.48715,2.401706,0.060173,2.039746,6.518745,0.060173,0.246596,3.334503,-0.176707,1.608731,3.619,-0.176707,,,,,,,,,,,,,0.021032,0.020594,0.030106,0.032869,0.034257,0.036412,0.035531,0.037027,0.040698,,,,,,,0.371808,0.492547,0.056847,5.372331,-0.008775,10.880496,,,,
2021-04-01,102.15,103.5,100.5,101.75,63590.0,98.695652,101.641791,98.309179,101.243781,0.4,-0.049116,3.0,0.020567,0.47471,-0.146791,0.902975,0.220847,-0.146791,-0.367763,2.358647,0.135097,2.018042,6.714095,0.135097,0.309466,3.297767,-0.108735,1.627608,3.763202,-0.108735,,,,,,,,,,,,,0.020576,0.0213,0.030248,0.032536,0.034002,0.036172,0.035244,0.036844,0.040476,,,,,,,-0.029658,0.17852,0.03232,5.250322,-0.017893,10.591086,,,,
2021-04-05,100.0,101.15,97.5,100.5,156440.0,98.863075,102.564103,99.35739,103.076923,0.5,-1.228501,3.65,-0.136594,0.728605,-1.498628,-0.643031,0.999897,-1.498628,-0.456436,2.355862,-0.327721,2.144481,7.149487,-0.327721,0.274835,3.304777,-0.454898,1.647875,3.77966,-0.454898,,,,,,,,,,,,,0.021479,0.022702,0.031646,0.032784,0.034326,0.036692,0.035217,0.036808,0.0405,,,,,,,-0.418451,0.07449,0.034435,5.233154,-0.021038,10.61095,,,,
2021-04-06,101.0,102.9,100.95,101.4,43884.0,98.153547,100.049529,98.542274,100.445765,0.4,0.895522,1.95,-0.105711,0.776788,1.288941,-0.353234,0.945813,1.288941,-0.402626,2.374707,0.546656,2.028984,6.590382,0.546656,0.357261,3.266862,0.164764,1.653356,3.893258,0.164764,,,,,,,,,,,,,0.017966,0.02096,0.022691,0.032461,0.033898,0.036371,0.034895,0.036438,0.040191,,,,,,,0.051283,0.477459,0.058103,5.245022,-0.02815,10.293915,,,,
2021-04-07,101.9,102.7,100.25,101.3,64079.0,99.221032,101.645885,98.636806,101.047382,0.6,-0.098619,2.45,-0.164669,0.759133,0.087007,-0.015354,1.58073,0.087007,-0.468643,2.345345,0.15777,2.1807,7.387429,0.15777,0.396668,3.248832,-0.152451,1.651925,3.95674,-0.152451,,,,,,,,,,,,,0.0168,0.019585,0.021603,0.028049,0.02792,0.031694,0.034861,0.036461,0.040202,,,,,,,0.143267,0.419976,0.088093,4.967575,-0.035165,10.086299,,,,
2021-04-08,101.8,102.0,100.0,100.85,91671.0,99.803922,101.8,98.872549,100.85,0.95,-0.444225,2.0,-0.184988,0.766412,-0.338248,0.102668,1.251992,-0.338248,-0.381333,2.310113,-0.027225,2.180172,7.628209,-0.027225,0.300929,3.200344,-0.232836,1.781429,4.572003,-0.232836,,,,,,,,,,,,,0.016018,0.018491,0.020791,0.027454,0.027102,0.030818,0.034503,0.03617,0.039966,,,,,,,0.033966,0.467602,0.061256,4.945025,-0.027479,9.880107,,,,
2021-04-09,101.4,102.5,100.7,101.45,98947.0,98.926829,100.695134,98.97561,100.744786,0.05,0.594943,1.8,-0.056176,0.845047,0.770512,-0.367099,-0.862969,0.770512,-0.232756,2.270246,0.364586,2.122927,7.671103,0.364586,0.374696,3.162798,0.069637,1.799025,4.730931,0.069637,,,,,,,,,,,,,0.014725,0.016969,0.019729,0.026514,0.026096,0.029981,0.034155,0.035995,0.039699,,,,,,,0.230714,0.464825,0.043699,4.832822,-0.0351,9.546655,,,,
2021-04-12,101.0,101.2,96.0,97.3,161108.0,99.802372,105.208333,96.146245,101.354167,3.7,-4.090685,5.2,-0.628613,2.007543,-1.724532,-1.852335,3.649856,-1.724532,-0.341316,2.403169,-1.560177,1.718749,6.218254,-1.560177,0.336991,3.205138,-1.381431,1.719033,4.484515,-1.381431,,,,,,,,,,,,,0.017892,0.01804,0.018751,0.026971,0.026531,0.0303,0.034357,0.036165,0.039861,,,,,,,-0.927885,1.502241,-0.038047,5.438328,-0.051926,9.505951,,,,
2021-04-13,99.0,99.95,96.9,98.7,56767.0,99.049525,102.167183,98.749375,101.857585,0.3,1.438849,3.05,-0.519948,2.122103,0.923045,-1.593626,3.024771,0.923045,-0.121402,2.351667,0.663466,1.627552,6.190078,0.663466,0.355085,3.208825,0.337745,1.696348,4.407873,0.337745,,,,,,,,,,,,,0.019052,0.019631,0.02118,0.025653,0.026154,0.029235,0.03432,0.036119,0.039906,,,,,,,-0.057152,3.596124,-0.053955,5.157028,-0.04885,9.59367,,,,
2021-04-15,99.0,105.0,97.5,102.35,162969.0,94.285714,101.538462,97.47619,104.974359,3.35,3.698075,7.5,0.239391,2.861141,1.208848,-0.682442,1.269734,1.208848,0.124987,2.483867,1.438518,1.2673,3.977049,1.438518,0.446757,3.238001,1.004113,1.586999,3.962874,1.004113,,,,,,,,,,,,,0.026779,0.028168,0.028596,0.026685,0.027505,0.029909,0.03478,0.036628,0.040313,,,,,,,0.912851,4.882308,-0.01689,5.851632,-0.044023,9.871371,,,,
2021-04-16,102.0,103.85,101.25,101.9,49402.0,98.218584,100.740741,98.122292,100.641975,0.1,-0.439668,2.6,0.240303,2.860869,-0.23768,-0.684117,1.275758,-0.23768,-0.280463,1.737154,-0.091647,-0.294652,1.387366,-0.091647,0.422478,3.240045,-0.266091,1.606957,3.99684,-0.266091,,,,,,,,,,,,,0.027114,0.028726,0.029171,0.023397,0.024474,0.027227,0.03477,0.036636,0.040198,,,,,,,0.571954,5.893395,0.094164,2.571994,-0.045306,9.860472,,,,
2021-04-19,100.05,104.4,97.0,100.6,367028.0,95.833333,103.14433,96.360153,103.71134,0.55,-1.275761,7.4,-0.133838,2.924511,-0.390466,-0.055183,0.006923,-0.390466,-0.16155,1.567151,-0.710979,-0.086381,2.344192,-0.710979,0.329587,3.220371,-0.498498,1.707358,4.367893,-0.498498,,,,,,,,,,,,,0.033203,0.036497,0.036888,0.02427,0.026353,0.028855,0.034975,0.036986,0.040499,,,,,,,0.375133,6.560762,0.026679,2.309498,-0.042087,9.794503,,,,
2021-04-20,99.8,103.6,99.8,101.4,101060.0,96.332046,100.0,97.876448,101.603206,1.6,0.795229,3.8,0.843345,1.913319,-0.025148,0.704785,0.34011,-0.025148,-0.032974,1.532811,0.540316,-0.290026,2.873592,0.540316,0.298607,3.208022,0.154806,1.75213,4.554214,0.154806,,,,,,,,,,,,,0.031661,0.035797,0.036736,0.023817,0.025934,0.028674,0.034943,0.037055,0.039726,,,,,,,-0.626108,2.144609,0.014851,2.224702,-0.036057,9.814825,,,,
2021-04-22,100.55,104.4,100.2,101.45,63325.0,96.312261,100.349301,97.17433,101.247505,0.9,0.04931,4.2,0.565437,1.906099,-0.270777,1.40545,2.311335,-0.270777,-0.072053,1.519534,0.079868,-0.222686,3.059396,0.079868,0.269426,3.203425,-0.068713,1.786995,4.668397,-0.068713,,,,,,,,,,,,,0.032477,0.036723,0.037576,0.023374,0.025425,0.028527,0.035069,0.037215,0.039913,,,,,,,-0.606263,2.171461,0.029667,2.16427,-0.033681,9.820454,,,,
2021-04-23,101.95,106.0,100.1,102.15,375586.0,96.179245,101.848152,96.367925,102.047952,0.2,0.689995,5.9,-0.036179,0.855167,0.849161,-0.674327,-0.652903,0.849161,-0.003622,1.521596,0.455849,-0.360748,3.089927,0.455849,0.270017,3.203502,0.1311,1.7863,4.666218,0.1311,,,,,,,,,,,,,0.02992,0.034823,0.036226,0.024194,0.026549,0.029478,0.03535,0.037585,0.040251,,,,,,,0.35844,0.32809,0.030976,2.167587,-0.031734,9.847459,,,,
2021-04-26,102.15,103.55,101.0,101.45,31968.0,98.647996,101.138614,97.971994,100.445545,0.7,-0.685267,2.55,-0.085299,0.890462,-0.673772,-0.443735,-1.835178,-0.673772,-0.09401,1.50478,-0.392919,-0.202445,3.281811,-0.392919,0.160084,3.138124,-0.269381,1.944777,5.528302,-0.269381,,,,,,,,,,,,,0.029894,0.034741,0.036066,0.024124,0.026449,0.029388,0.034883,0.037199,0.039913,,,,,,,0.107575,0.611193,0.039019,2.100522,-0.02286,9.542036,,,,
2021-04-27,101.95,103.0,100.8,101.4,44563.0,98.980583,101.140873,98.446602,100.595238,0.55,-0.049285,2.2,0.159996,0.603104,-0.347007,-0.397411,-0.873667,-0.347007,-0.002363,1.444757,-0.032478,-0.329596,4.388553,-0.032478,0.139276,3.135949,-0.060129,1.969159,5.608815,-0.060129,,,,,,,,,,,,,0.023182,0.026704,0.028321,0.023875,0.026395,0.029276,0.034522,0.036727,0.039517,,,,,,,-0.24236,0.173511,0.011423,1.978619,-0.021317,9.542859,,,,
2021-04-28,102.0,103.7,101.0,101.8,60638.0,98.360656,100.990099,98.167792,100.792079,0.2,0.394477,2.7,0.079846,0.518237,0.607118,-0.574134,0.515249,0.607118,0.039496,1.443455,0.245925,-0.424305,4.470856,0.245925,0.114108,3.128595,0.089615,2.005823,5.760205,0.089615,,,,,,,,,,,,,0.022066,0.025736,0.02677,0.023826,0.026385,0.029069,0.03402,0.036131,0.038945,,,,,,,-0.004895,0.214808,0.010139,1.975967,-0.01701,9.532087,,,,
2021-04-29,101.5,102.55,100.0,100.45,152491.0,98.976109,101.5,97.952218,100.45,1.05,-1.32613,2.55,-0.195242,0.817274,-1.383731,-0.50534,-1.195074,-1.383731,-0.063866,1.464433,-0.861947,-0.224502,3.953123,-0.861947,0.022545,3.101763,-0.434809,2.126467,6.317503,-0.434809,,,,,,,,,,,,,0.020273,0.023556,0.023599,0.023192,0.026116,0.026871,0.033884,0.036023,0.038843,,,,,,,-0.295251,0.360004,0.001708,2.037238,-0.012714,9.394849,,,,
2021-04-30,101.0,102.4,99.8,100.75,131954.0,98.632812,101.202405,98.388672,100.951904,0.25,0.298656,2.6,-0.27351,0.724812,0.789399,-0.809166,-0.91097,0.789399,-0.058742,1.465569,0.243863,-0.235076,3.934066,0.243863,0.085604,3.074008,0.069307,2.137913,6.454748,0.069307,,,,,,,,,,,,,0.014904,0.017114,0.017271,0.023004,0.025897,0.026701,0.033737,0.035947,0.03876,,,,,,,0.0691,0.410732,0.010993,2.036481,-0.01911,9.184482,,,,
2021-05-03,101.5,109.85,100.5,104.2,1051172.0,92.398726,100.995025,94.856623,103.681592,2.7,3.424318,9.35,0.548407,1.748432,1.644851,1.322627,2.819118,1.644851,0.129606,1.65675,1.98866,0.000295,2.341326,1.98866,0.170301,3.106977,1.047326,2.012254,5.839195,1.047326,,,,,,,,,,,,,0.027352,0.031185,0.032629,0.025659,0.028925,0.029967,0.0343,0.036624,0.039498,,,,,,,0.685138,1.506782,0.056269,2.502305,-0.013449,9.422572,,,,
2021-05-04,105.25,108.7,99.0,100.45,603602.0,96.826127,106.313131,92.410304,101.464646,4.8,-3.598848,9.7,-0.161505,2.576367,-1.334182,0.101926,0.70753,-1.334182,-0.047881,1.855163,-1.9141,-0.154535,1.231198,-1.9141,0.114668,3.149631,-1.179032,1.95103,5.554327,-1.179032,,,,,,,,,,,,,0.036671,0.040416,0.041185,0.02829,0.03149,0.032359,0.035052,0.037414,0.040171,,,,,,,-0.32362,5.100673,0.000183,3.269548,-0.024736,9.594353,,,,
2021-05-05,101.5,107.0,101.0,101.5,1203803.0,94.859813,100.49505,94.859813,100.49505,0.0,1.045296,6.0,-0.031342,2.627414,0.409771,-0.11543,0.098385,0.409771,0.065809,1.848665,0.529835,-0.334113,1.36581,0.529835,0.082021,3.130927,0.307665,2.007689,5.845177,0.307665,,,,,,,,,,,,,0.039176,0.043557,0.046237,0.028915,0.032274,0.033496,0.035174,0.037609,0.040002,,,,,,,0.084535,5.508349,-0.002841,3.246414,-0.016269,9.551528,,,,
2021-05-06,103.0,103.45,99.25,99.65,1206552.0,99.565007,103.778338,96.326728,100.403023,3.35,-1.82266,4.2,-0.130648,2.697047,-0.627357,0.00151,-0.569293,-0.627357,-0.0701,1.884034,-0.930217,-0.138638,0.985611,-0.930217,-0.168074,2.742233,-0.603372,2.038997,7.771514,-0.603372,,,,,,,,,,,,,0.040161,0.043926,0.046994,0.029333,0.032474,0.033772,0.033198,0.035701,0.038363,,,,,,,-0.662165,4.942323,-0.016719,3.362812,0.005208,7.363797,,,,
2021-05-07,101.0,105.15,99.5,99.95,615739.0,96.053257,101.507538,95.054684,100.452261,1.05,0.301054,5.65,-0.130168,2.697142,0.159881,0.000649,-0.570331,0.159881,-0.050116,1.885835,0.186215,-0.173119,0.976605,0.186215,-0.151178,2.742474,0.164899,2.019369,7.713421,0.164899,,,,,,,,,,,,,0.042252,0.04648,0.05053,0.030082,0.033389,0.03504,0.032068,0.034252,0.037377,,,,,,,-0.447034,5.419983,-0.011867,3.373871,0.005392,7.364685,,,,
2021-05-10,101.8,101.8,99.0,99.55,221303.0,100.0,102.828283,97.789784,100.555556,2.25,-0.4002,2.8,-0.895072,1.844686,0.268269,-0.758415,-0.393378,0.268269,-0.047915,1.885376,-0.186851,-0.176978,0.981958,-0.186851,-0.053487,2.640997,-0.131281,2.301667,8.780632,-0.131281,,,,,,,,,,,,,0.035645,0.03823,0.042829,0.030197,0.033415,0.035291,0.031422,0.033993,0.037091,,,,,,,0.565305,2.083154,-0.023091,3.359182,-0.007766,6.82281,,,,
2021-05-11,98.9,102.1,98.25,100.4,266435.0,96.865818,100.661578,98.334966,102.188295,1.5,0.853842,3.85,-0.004534,1.1613,0.739151,-1.131717,0.740605,0.739151,-0.03497,1.890903,0.470047,-0.194206,0.938285,0.470047,-0.071042,2.63179,0.351428,2.340989,9.011978,0.351428,,,,,,,,,,,,,0.027329,0.029772,0.035922,0.030543,0.033782,0.035635,0.031148,0.033626,0.036667,,,,,,,0.103955,1.057281,-5.8e-05,3.396738,-0.001259,6.787464,,,,
2021-05-12,101.35,101.35,96.3,96.85,316685.0,100.0,105.244029,95.559941,100.571132,4.5,-3.535857,5.05,-0.920764,1.77237,-1.475478,-0.827999,-0.443905,-1.475478,-0.007229,1.831404,-1.926734,-0.037629,0.777227,-1.926734,-0.140814,2.677002,-1.268226,2.259745,8.523888,-1.268226,,,,,,,,,,,,,0.026364,0.025597,0.029876,0.030492,0.033527,0.035465,0.031246,0.033528,0.036524,,,,,,,-0.28736,2.347884,-0.114109,2.753397,-0.009353,7.004795,,,,
2021-05-14,97.9,98.15,96.2,96.65,141675.0,99.745288,101.767152,98.471727,100.467775,1.25,-0.206505,1.95,-0.597533,1.71315,0.228251,-1.783249,3.559661,0.228251,-0.089496,1.799707,-0.065015,0.082416,1.060742,-0.065015,-0.1194,2.672004,-0.032599,2.24904,8.532377,-0.032599,,,,,,,,,,,,,0.024499,0.024401,0.028581,0.030327,0.033273,0.03511,0.031123,0.033411,0.036431,,,,,,,-0.415077,2.003329,-0.094123,2.782434,-0.012291,6.965355,,,,
2021-05-17,97.8,98.25,96.4,97.5,92756.0,99.541985,101.452282,99.236641,101.141079,0.3,0.879462,1.85,-0.481851,1.80601,0.753769,-1.66631,2.999551,0.753769,-0.230427,1.58506,0.700219,-0.36671,1.534343,0.700219,-0.034729,2.63422,0.347044,2.287251,8.841628,0.347044,,,,,,,,,,,,,0.020156,0.018282,0.021675,0.028761,0.031623,0.033816,0.030771,0.032994,0.036066,,,,,,,0.149898,2.564398,-0.020477,2.372854,-0.017862,6.733889,,,,
2021-05-18,98.4,98.65,96.5,96.7,101991.0,99.746579,101.968912,98.023315,100.207254,1.7,-0.820513,2.15,-0.565914,1.811034,-0.140582,-1.42295,2.022267,-0.140582,-0.249469,1.589986,-0.35915,-0.326245,1.452621,-0.35915,-0.289116,1.99483,-0.266387,1.11506,4.364671,-0.266387,,,,,,,,,,,,,0.019625,0.017892,0.020088,0.028712,0.031468,0.033712,0.029344,0.031341,0.033319,,,,,,,0.106661,2.601122,-0.03221,2.367157,0.009514,3.88091,,,,
2021-05-19,97.95,101.7,97.4,100.6,291253.0,96.312684,100.564682,98.918387,103.285421,2.65,4.033092,4.3,0.069936,2.749227,1.441553,0.304178,1.120157,1.441553,0.015973,1.834049,2.190301,0.056231,1.207533,2.190301,-0.159717,2.061402,2.03396,1.034055,3.544873,2.03396,,,,,,,,,,,,,0.020328,0.017929,0.020599,0.027578,0.02981,0.032274,0.029319,0.031303,0.033332,,,,,,,1.452389,1.827732,0.012765,3.19013,0.014424,4.121062,,,,
2021-05-20,100.5,101.85,97.6,98.05,223298.0,98.674521,102.971311,96.269023,100.461066,2.45,-2.534791,4.25,0.270149,2.440053,-1.149541,0.861411,1.309412,-1.149541,-0.150528,1.909197,-1.24883,0.197884,0.753877,-1.24883,-0.221312,2.085784,-1.109165,1.058319,3.403529,-1.109165,,,,,,,,,,,,,0.018863,0.01882,0.020827,0.027715,0.02987,0.032157,0.029486,0.031447,0.033443,,,,,,,-0.150294,4.71791,-0.011371,3.458484,0.010561,4.240255,,,,
2021-05-21,99.0,99.6,98.0,98.5,113587.0,99.39759,101.020408,98.895582,100.510204,0.5,0.45895,1.6,0.40324,2.42566,0.022967,0.60551,1.041468,0.022967,-0.130046,1.913646,0.307787,0.162651,0.705283,0.307787,-0.20852,2.087998,0.31967,1.036544,3.348029,0.31967,,,,,,,,,,,,,0.018593,0.018733,0.020624,0.027248,0.029286,0.031491,0.02933,0.031243,0.033283,,,,,,,-0.25553,4.576472,0.000491,3.478932,0.012261,4.241233,,,,
2021-05-24,99.0,99.75,97.65,98.0,93285.0,99.24812,101.382488,98.245614,100.358423,1.0,-0.507614,2.1,0.125825,2.436872,-0.259939,1.144599,2.072575,-0.259939,-0.189926,1.905355,-0.166734,0.264461,0.810213,-0.166734,-0.243107,2.078123,-0.127282,1.096413,3.545406,-0.127282,,,,,,,,,,,,,0.018769,0.018784,0.020048,0.026296,0.02802,0.030369,0.027432,0.028748,0.031298,,,,,,,-0.294835,4.576823,0.008046,3.446706,0.01506,4.184989,,,,
2021-05-25,99.7,99.7,97.55,97.85,80249.0,100.0,102.203998,98.144433,100.307535,1.85,-0.153061,2.15,0.259315,2.389901,-0.172549,0.958986,2.121155,-0.172549,-0.163316,1.901786,0.005392,0.220342,0.825775,0.005392,-0.202359,2.059047,0.023942,1.083302,3.684434,0.023942,,,,,,,,,,,,,0.018749,0.018659,0.021002,0.026246,0.027849,0.030461,0.027201,0.028412,0.031018,,,,,,,-0.634513,3.764089,0.000751,3.435931,0.010503,4.131909,,,,
2021-05-26,98.9,105.0,97.6,102.55,2406735.0,94.190476,101.331967,97.666667,105.071721,3.65,4.80327,7.4,0.413351,2.698797,1.626621,1.229717,2.550348,1.626621,0.079312,2.202817,2.144508,0.443331,0.411188,2.144508,-0.058762,2.15256,2.258721,1.028613,2.887529,2.258721,,,,,,,,,,,,,0.02454,0.02548,0.026558,0.02787,0.02954,0.031946,0.027493,0.02874,0.031303,,,,,,,1.406411,1.870818,0.073503,4.430143,0.016957,4.480966,,,,
2021-05-27,103.45,105.6,101.15,102.3,827452.0,97.964015,102.273851,96.875,101.136925,1.15,-0.243784,4.45,0.871552,2.226239,-0.500996,2.100466,4.48096,-0.500996,0.047399,2.202634,-0.132197,0.491385,0.445953,-0.132197,-0.025248,2.135979,-0.102312,1.017757,2.994269,-0.102312,,,,,,,,,,,,,0.024594,0.026274,0.027486,0.028242,0.029987,0.032342,0.027549,0.028907,0.031426,,,,,,,0.390542,3.659865,0.073863,4.42761,0.011964,4.441349,,,,
2021-05-28,103.25,104.4,100.5,101.0,240878.0,98.898467,102.736318,96.743295,100.497512,2.25,-1.270772,3.9,0.525608,2.431331,-0.738846,2.046919,4.410714,-0.738846,0.050167,2.200851,-0.600195,0.490038,0.454161,-0.600195,0.008525,2.101714,-0.608692,1.071552,3.246455,-0.608692,,,,,,,,,,,,,0.026277,0.027812,0.028848,0.028501,0.030205,0.032588,0.027106,0.028791,0.030964,,,,,,,-0.161704,4.6768,0.033345,4.564587,0.001848,4.328146,,,,
2021-05-31,101.5,104.0,100.2,101.35,216708.0,97.596154,101.297405,97.451923,101.147705,0.15,0.346535,3.8,0.696438,2.369815,-0.14765,1.88364,3.919819,-0.14765,0.052561,2.201161,0.133554,0.486264,0.449297,0.133554,0.04005,2.094571,0.146323,1.039996,3.262462,0.146323,,,,,,,,,,,,,0.027528,0.029574,0.030559,0.02873,0.030504,0.032871,0.026958,0.028729,0.030766,,,,,,,-0.507485,3.977735,0.041502,4.545585,-0.000389,4.299452,,,,
2021-06-01,101.0,109.35,101.0,107.5,1836195.0,92.363969,100.0,98.308185,106.435644,6.5,6.068081,8.35,1.940666,3.273243,1.260956,0.548605,-2.632119,1.260956,0.184749,2.476472,2.375691,0.853904,0.968171,2.375691,0.008025,1.984914,3.053057,0.660778,1.78361,3.053057,,,,,,,,,,,,,0.034331,0.034418,0.034477,0.028222,0.028785,0.031046,0.02649,0.028089,0.030214,,,,,,,0.311994,8.376613,0.180677,4.740854,0.032478,3.641414,,,,
2021-06-02,107.9,117.3,106.0,115.4,4183033.0,91.98636,101.792453,98.380222,108.867925,7.5,7.348837,11.3,2.449779,3.95646,1.238243,0.569193,-2.841221,1.238243,0.732133,2.786635,2.374442,1.075755,0.818441,2.374442,0.228082,2.171757,3.278799,1.109632,2.546576,3.278799,,,,,,,,,,,,,0.03916,0.037804,0.037245,0.028704,0.028663,0.030847,0.027448,0.029001,0.030957,,,,,,,2.252409,2.376163,0.22328,5.719426,0.040783,4.275833,,,,
2021-06-03,116.6,116.8,112.5,113.25,789457.0,99.828767,103.644444,96.960616,100.666667,3.35,-1.863085,4.3,2.125919,4.284722,-0.930983,0.505546,-2.874665,-0.930983,0.586714,2.844713,-0.861176,1.137275,0.789084,-0.861176,0.226346,2.173426,-0.961354,1.107312,2.535885,-0.961354,,,,,,,,,,,,,0.038747,0.036448,0.036085,0.028094,0.027515,0.029138,0.027291,0.028772,0.030789,,,,,,,0.581768,14.01017,0.19115,6.472877,0.030954,4.429776,,,,
2021-06-04,114.0,114.0,110.45,113.05,450671.0,100.0,103.214124,99.166667,102.354006,0.95,-0.1766,3.55,2.344753,4.091455,-0.616249,0.477025,-2.695887,-0.616249,0.669017,2.794709,-0.302578,1.137505,0.895101,-0.302578,0.206197,2.172377,-0.176211,1.13731,2.592053,-0.176211,,,,,,,,,,,,,0.038327,0.036273,0.036404,0.027863,0.027548,0.029181,0.027046,0.028471,0.030618,,,,,,,-0.897744,11.780119,0.142203,6.747511,0.031486,4.418385,,,,
2021-06-07,114.0,126.8,113.25,122.5,2376896.0,89.905363,100.662252,96.608833,108.16777,8.5,8.359133,13.55,3.947273,4.644878,0.949833,-0.546833,-2.731339,0.949833,1.071921,3.277944,2.223104,1.048238,0.230627,2.223104,0.386952,2.454881,3.247481,1.337319,2.696347,3.247481,,,,,,,,,,,,,0.047857,0.045332,0.045379,0.030849,0.030069,0.031156,0.028558,0.029815,0.031872,,,,,,,-0.294333,17.086649,0.246252,8.191398,0.048502,5.416009,,,,
2021-06-08,123.0,123.9,118.5,119.35,1226554.0,99.273608,103.797468,96.327684,100.7173,3.65,-2.571429,5.4,2.219371,5.228934,-0.91621,0.50903,-3.065955,-0.91621,0.96336,3.364087,-1.050742,1.007979,0.107957,-1.050742,0.313073,2.487658,-1.159525,1.341682,2.604974,-1.159525,,,,,,,,,,,,,0.044479,0.043047,0.042955,0.0312,0.030438,0.031211,0.028706,0.029897,0.031939,,,,,,,-0.961831,20.023159,0.17096,9.779425,0.043343,5.673456,,,,
2021-06-09,118.25,122.45,115.1,116.1,536022.0,96.570029,102.736751,94.81421,100.86881,2.15,-2.723083,7.35,0.204987,4.668905,-0.627143,1.992789,4.027419,-0.627143,0.784513,3.463819,-1.012639,1.025172,0.037973,-1.012639,0.296256,2.505579,-1.205046,1.310547,2.514886,-1.205046,,,,,,,,,,,,,0.038918,0.039154,0.040272,0.031873,0.031356,0.032217,0.029043,0.030397,0.032427,,,,,,,-0.411483,17.100306,0.116567,10.94634,0.030823,5.954524,,,,
2021-06-10,117.6,119.0,116.45,117.8,249733.0,98.823529,100.987548,98.991597,101.159296,0.2,1.464255,2.55,0.870455,4.535673,0.130918,1.48185,2.199841,0.130918,1.034519,3.312728,0.129723,1.050102,0.089212,0.129723,0.334395,2.508613,0.450392,1.260973,2.403457,0.450392,,,,,,,,,,,,,0.038039,0.03879,0.040037,0.031261,0.031136,0.032014,0.028999,0.030356,0.032352,,,,,,,-0.780051,15.240903,0.058061,10.313367,0.031761,5.957201,,,,
2021-06-11,119.0,119.05,113.65,116.5,297906.0,99.958001,104.707435,97.858043,102.507699,2.5,-1.103565,5.4,0.685062,4.607545,-0.388195,1.587023,2.334631,-0.388195,0.989666,3.336403,-0.627392,1.060339,0.067059,-0.627392,0.297502,2.516063,-0.556849,1.291572,2.420657,-0.556849,,,,,,,,,,,,,0.039118,0.039883,0.041189,0.031762,0.031744,0.032718,0.028983,0.03047,0.031861,0.03249,0.033913,,,,,-1.488971,12.549505,0.007922,10.572921,0.029374,6.024281,,,,
2021-06-14,117.0,117.0,111.55,114.7,170114.0,100.0,104.885701,98.034188,102.823846,2.3,-1.545064,5.45,-1.295777,1.686813,-0.147786,1.391914,2.010251,-0.147786,0.86844,3.384321,-0.713143,1.110821,0.075884,-0.713143,0.262677,2.529509,-0.714661,1.305897,2.385498,-0.714661,0.236358,2.953933,-0.603068,1.530639,3.484275,-0.603068,,,,,,,0.027804,0.030167,0.032682,0.032301,0.032375,0.033402,0.029123,0.03061,0.032084,0.032575,0.034006,0.036714,,,,0.367225,2.006563,-0.030028,10.850966,0.02479,6.142465,0.003682,8.627166,,
2021-06-15,115.2,122.9,115.0,120.15,692974.0,93.734744,100.173913,97.762408,104.478261,4.95,4.751526,7.9,0.168814,2.983237,1.536154,1.053633,0.286421,1.536154,1.147041,3.466322,1.039858,0.854292,-0.537092,1.039858,0.36456,2.606063,1.683369,1.180831,1.7506,1.683369,0.305578,2.977968,1.492947,1.464075,3.181443,1.492947,,,,,,,0.030793,0.032959,0.035573,0.03338,0.033437,0.034424,0.029574,0.030984,0.032469,0.032688,0.034139,0.036808,,,,1.19399,4.268539,-0.001223,11.414569,0.03387,6.416836,0.004906,8.759559,,
2021-06-16,121.15,121.5,115.5,116.8,153035.0,99.711934,104.891775,96.131687,101.125541,4.35,-2.788181,6.0,0.155794,2.999113,-0.981615,1.032896,0.266227,-0.981615,0.805978,3.5028,-1.026082,1.037892,-0.157282,-1.026082,0.309779,2.643457,-1.171935,1.160212,1.624872,-1.171935,0.309623,2.97344,-1.041825,1.471784,3.203417,-1.041825,,,,,,,0.029272,0.029703,0.032122,0.033568,0.033517,0.034453,0.02978,0.031094,0.032603,0.032627,0.03409,0.036745,,,,-0.264978,7.055316,-0.011872,11.651443,0.025439,6.713343,0.000948,8.752184,,
2021-06-17,115.8,118.2,115.0,115.35,136074.0,97.969543,100.695652,97.588832,100.304348,0.45,-1.241438,3.2,-0.385345,2.947658,-0.290432,1.937917,4.124319,-0.290432,0.870645,3.44941,-0.612303,1.065234,-0.09915,-0.612303,0.30952,2.643611,-0.586682,1.160208,1.624331,-0.586682,0.292178,2.977409,-0.515084,1.482383,3.206661,-0.515084,,,,,,,0.02962,0.030162,0.03263,0.033281,0.033291,0.034371,0.029708,0.030999,0.032449,0.032579,0.034027,0.036689,,,,-0.151886,6.904811,-0.093869,11.010524,0.018021,6.781272,0.000143,8.776295,,
2021-06-18,116.0,116.5,107.25,113.15,254426.0,99.570815,108.158508,97.124464,105.501166,2.85,-1.907239,9.25,-0.546079,3.017693,-0.45106,2.024904,4.323308,-0.45106,0.752336,3.504413,-0.758922,1.099405,-0.107576,-0.758922,0.253465,2.660592,-0.812114,1.191461,1.619529,-0.812114,0.305363,2.964563,-0.74635,1.501135,3.270592,-0.74635,,,,,,,0.034865,0.036955,0.040173,0.035019,0.035516,0.036925,0.030484,0.031954,0.033529,0.032764,0.034269,0.037004,,,,-0.671731,6.382732,-0.140054,11.014663,0.014241,6.894943,-0.003295,8.691702,,
2021-06-21,111.05,124.9,110.3,121.7,1926480.0,88.911129,100.679964,97.43795,110.335449,10.65,7.556341,14.6,1.274202,4.596467,1.366732,0.750041,-2.067268,1.366732,1.155534,3.802997,1.683095,0.842485,-0.859686,1.683095,0.406564,2.853193,2.505886,1.154758,1.147435,2.505886,0.401616,3.041942,2.352025,1.437072,2.794101,2.352025,,,,,,,0.046542,0.045453,0.047878,0.038689,0.038424,0.039868,0.032195,0.033245,0.034836,0.033555,0.03489,0.037609,,,,0.649057,16.059454,-0.062748,13.608733,0.030562,7.783389,-0.000427,9.160726,,
2021-06-22,123.3,127.4,119.55,120.75,862803.0,96.78179,103.136763,94.78022,101.003764,2.55,-0.780608,7.85,0.167775,4.198797,-0.22587,2.054135,4.386081,-0.22587,1.124156,3.816926,-0.499031,0.855422,-0.860609,-0.499031,0.399837,2.855636,-0.413374,1.158195,1.144917,-0.413374,0.350383,3.017944,-0.374755,1.500027,3.056865,-0.374755,,,,,,,0.046255,0.046173,0.048812,0.039512,0.039547,0.040862,0.032602,0.03375,0.035354,0.033566,0.034981,0.037724,,,,1.281293,10.820495,-0.111069,13.430292,0.025685,7.854179,0.001259,9.015585,,
2021-06-23,121.75,123.35,118.3,119.0,281602.0,98.702878,102.916314,96.47345,100.591716,2.75,-1.449275,5.05,0.435556,4.001194,-0.471067,2.178996,4.796717,-0.471067,0.811529,3.755287,-0.602032,1.102601,-0.334577,-0.602032,0.358952,2.867395,-0.630617,1.182857,1.150012,-0.630617,0.366824,3.003437,-0.604674,1.51843,3.12457,-0.604674,,,,,,,0.045613,0.04597,0.048592,0.038683,0.038593,0.040005,0.03276,0.033902,0.035501,0.033465,0.034964,0.037652,,,,0.071096,12.797535,-0.089741,13.129295,0.021812,7.958439,-0.001897,8.927432,,
2021-06-24,120.9,120.9,117.05,118.0,186722.0,100.0,103.289193,97.601323,100.811619,2.9,-0.840336,3.85,0.515777,3.963005,-0.342193,2.159037,4.73376,-0.342193,0.781702,3.766463,-0.430653,1.115567,-0.32708,-0.430653,0.423959,2.800523,-0.45145,1.280677,1.300988,-0.45145,0.380475,2.994718,-0.407655,1.523635,3.162687,-0.407655,,,,,,,0.045845,0.045807,0.048626,0.038495,0.038214,0.039806,0.032569,0.033737,0.035413,0.033475,0.034972,0.037696,,,,-0.687181,11.619892,-0.130002,12.914989,0.008093,7.672429,-0.004173,8.864141,,
2021-06-25,119.05,123.3,117.35,120.9,205090.0,96.553122,101.448658,98.053528,103.025138,1.85,2.457627,5.95,1.38875,3.771969,0.283374,1.488259,1.632978,0.283374,0.968121,3.751769,0.397014,0.977741,-0.540452,0.397014,0.444335,2.811741,0.716031,1.249807,1.195953,0.716031,0.39971,3.001883,0.685542,1.496548,3.065428,0.685542,,,,,,,0.042243,0.041084,0.042428,0.038727,0.0386,0.040113,0.032733,0.033931,0.035505,0.033536,0.035042,0.037763,,,,-1.025716,9.278016,-0.138468,12.734471,0.015363,7.698616,-0.002846,8.914442,,
2021-06-28,121.35,121.9,115.1,118.6,160429.0,99.548811,105.430061,97.292863,103.040834,2.75,-1.902399,6.8,-0.502998,1.718279,-0.81442,1.831786,3.68476,-0.81442,0.855675,3.804708,-0.724911,1.011179,-0.540074,-0.724911,0.332325,2.790953,-0.800703,1.357106,1.522571,-0.800703,0.389541,3.007997,-0.761949,1.493974,3.039798,-0.761949,,,,,,,0.030124,0.032855,0.034507,0.039169,0.039085,0.040649,0.03249,0.033672,0.035353,0.033654,0.035181,0.037908,,,,0.166332,2.306653,-0.18929,12.560648,0.01781,7.567574,-0.004992,8.936799,,
2021-06-29,120.0,124.8,120.0,123.35,1000769.0,96.153846,100.0,98.838141,102.791667,3.35,4.005059,4.8,0.454135,2.620826,1.354887,0.709752,-2.121572,1.354887,0.752524,3.68194,0.883375,1.07983,-0.228076,0.883375,0.42122,2.836279,1.263571,1.241688,1.117451,1.263571,0.421849,3.029445,1.182794,1.447319,2.824713,1.182794,,,,,,,0.026957,0.028355,0.030158,0.038055,0.038325,0.039978,0.032589,0.033718,0.035436,0.033697,0.035207,0.037885,,,,0.984661,3.555871,-0.061997,12.751045,0.024561,7.757962,-0.002611,9.08008,,
2021-06-30,126.2,128.6,120.0,123.3,866857.0,98.133748,105.166667,95.878694,102.75,2.9,-0.040535,8.6,0.735883,2.434119,-0.318973,0.499681,-1.662003,-0.318973,0.383055,3.340063,-0.126821,1.365587,0.897037,-0.126821,0.445924,2.826559,-0.172103,1.231736,1.126819,-0.172103,0.387756,3.015095,-0.142049,1.493037,2.997889,-0.142049,,,,,,,0.030761,0.03327,0.035616,0.036736,0.037535,0.039563,0.032521,0.033568,0.035377,0.03377,0.035318,0.038018,,,,0.314703,4.541871,0.030826,10.566625,0.019319,7.751925,-0.0011,8.998884,,
2021-07-01,126.0,127.4,121.15,122.7,329637.0,98.901099,104.003302,96.310832,101.279406,3.3,-0.486618,6.25,0.806627,2.381426,-0.543055,0.449452,-1.421943,-0.543055,0.451878,3.305345,-0.283933,1.35694,0.928142,-0.283933,0.420287,2.829138,-0.320559,1.255888,1.160195,-0.320559,0.359447,3.009826,-0.281101,1.526602,3.098056,-0.281101,,,,,,,0.032453,0.035303,0.037814,0.037011,0.037944,0.040115,0.032647,0.033685,0.035537,0.033814,0.03541,0.037682,,,,-0.402663,4.212677,-0.017064,10.369361,0.01798,7.776619,-0.000434,8.968303,,
2021-07-02,124.9,124.9,121.5,122.15,187868.0,100.0,102.798354,97.798239,100.534979,2.75,-0.448248,3.4,0.225452,2.227377,-0.302463,1.646733,3.428744,-0.302463,0.438296,3.30862,-0.26795,1.365822,0.938348,-0.26795,0.410336,2.831344,-0.303243,1.263373,1.166033,-0.303243,0.339881,3.008641,-0.261955,1.547541,3.149289,-0.261955,,,,,,,0.030523,0.032526,0.03623,0.036953,0.037756,0.040005,0.032544,0.0335,0.035387,0.03383,0.035406,0.037711,,,,-0.158338,3.918827,-0.039846,10.346828,0.015028,7.809147,-0.000217,8.961361,,
2021-07-05,123.95,124.4,121.1,122.25,145740.0,99.638264,102.353427,98.271704,100.949628,1.7,0.081867,3.3,0.622305,1.907239,-0.283362,2.142236,4.663268,-0.283362,0.024433,2.733362,0.021012,1.507954,1.917895,0.021012,0.398174,2.831424,-0.111713,1.276635,1.189218,-0.111713,0.334095,3.008574,-0.083837,1.553511,3.162258,-0.083837,,,,,,,0.027316,0.028751,0.033071,0.033885,0.034936,0.037481,0.03226,0.033094,0.035077,0.03384,0.035411,0.037746,,,,-0.82541,1.547447,0.080128,6.884224,0.01494,7.810142,-0.000176,8.960979,,
2021-07-06,124.65,129.45,122.8,125.25,1096046.0,96.292005,101.506515,96.755504,101.995114,0.6,2.453988,6.65,0.312091,1.222817,1.751609,2.01019,4.191405,1.751609,0.275704,2.713083,0.802881,1.325594,1.391434,0.802881,0.460959,2.841696,0.701352,1.203012,1.013354,0.701352,0.310522,2.982259,0.718739,1.588024,3.386092,0.718739,,,,,,,0.02891,0.031744,0.036261,0.034096,0.035461,0.038209,0.0325,0.033421,0.035478,0.033712,0.035361,0.037753,,,,0.555753,0.578501,0.073849,6.811448,0.017124,7.852669,0.003797,8.792917,,
2021-07-07,125.9,127.2,124.7,126.65,243369.0,98.977987,100.96231,99.56761,101.563753,0.75,1.117764,2.5,0.543751,1.248755,0.459669,1.06793,0.001019,0.459669,0.467746,2.624122,0.247709,1.309838,1.454592,0.247709,0.4843,2.842212,0.222877,1.177078,0.967926,0.222877,0.311788,2.982578,0.270228,1.586297,3.380545,0.270228,,,,,,,0.022774,0.024639,0.029285,0.033175,0.034313,0.037055,0.032492,0.03341,0.03547,0.033522,0.035108,0.037541,,,,0.6111,0.500624,0.038529,6.492359,0.01742,7.853417,0.004689,8.788492,,
2021-07-08,126.65,127.65,123.0,125.15,253229.0,99.216608,102.96748,98.04152,101.747967,1.5,-1.184366,4.65,0.404201,1.41994,-1.118757,0.627856,-0.368091,-1.118757,0.335315,2.637982,-0.576077,1.43927,1.696366,-0.576077,0.452723,2.851984,-0.574018,1.195364,0.970511,-0.574018,0.283415,2.983186,-0.492018,1.612205,3.438791,-0.492018,,,,,,,0.020868,0.023134,0.026569,0.03342,0.034603,0.037206,0.032568,0.033496,0.035533,0.033302,0.034838,0.037272,,,,-0.043634,1.609175,0.030662,6.579743,0.013273,7.934449,0.004613,8.792676,,
2021-07-09,123.6,125.15,122.3,123.05,135155.0,98.761486,101.06296,98.322014,100.613246,0.55,-1.677986,2.85,0.158253,1.686068,-1.089066,0.379943,-1.311533,-1.089066,0.306594,2.657527,-0.746777,1.427629,1.636898,-0.746777,0.445686,2.856893,-0.74335,1.193224,0.958357,-0.74335,0.234115,2.974355,-0.642863,1.66415,3.621225,-0.642863,,,,,,,0.020465,0.023427,0.026173,0.032979,0.034133,0.036693,0.032556,0.03349,0.03557,0.033227,0.03478,0.037236,,,,-0.715806,1.249503,-0.020819,6.694916,0.003903,7.995428,0.005247,8.735381,,
2021-07-12,123.15,125.6,122.35,123.15,400935.0,98.049363,100.653862,98.049363,100.653862,0.0,0.081268,3.25,0.158133,1.686074,-0.045589,0.380293,-1.311317,-0.045589,0.38791,2.622538,-0.116926,1.40269,1.677931,-0.116926,0.441338,2.857287,-0.126018,1.197444,0.963969,-0.126018,0.263471,2.958007,-0.061597,1.673243,3.68835,-0.061597,,,,,,,0.020402,0.023665,0.025763,0.032542,0.03366,0.036112,0.032559,0.033495,0.035584,0.033153,0.034743,0.037199,,,,-0.754119,1.136887,-0.053275,6.439452,0.002686,7.999303,0.003284,8.653318,,
2021-07-13,123.5,125.8,122.4,123.65,179156.0,98.171701,100.898693,98.290938,101.021242,0.15,0.406009,3.4,-0.251462,1.153586,0.569937,-0.224411,-1.920919,0.569937,0.170635,2.413683,0.097517,1.754601,3.673803,0.097517,0.380972,2.824677,0.008864,1.281155,1.246324,0.008864,0.275637,2.956046,0.044104,1.664472,3.677535,0.044104,,,,,,,0.016424,0.018937,0.019744,0.031511,0.032796,0.03525,0.031756,0.03249,0.034534,0.033053,0.034619,0.037092,,,,-0.015788,1.06411,0.015883,5.526184,0.009908,7.798779,0.002718,8.644671,,
2021-07-14,123.6,126.5,122.25,123.2,181313.0,97.70751,101.104294,97.391304,100.777096,0.4,-0.36393,4.25,-0.547801,0.86917,0.211548,-0.367198,-1.908642,0.211548,0.291847,2.316176,-0.283129,1.932238,4.252907,-0.283129,0.44567,2.768142,-0.292471,1.350976,1.381041,-0.292471,0.280169,2.954701,-0.217991,1.662468,3.67906,-0.217991,,,,,,,0.018044,0.020927,0.021744,0.031109,0.032654,0.0351,0.030884,0.03157,0.033727,0.033034,0.034616,0.037082,,,,0.372487,0.326872,-0.038472,5.047226,-0.001591,7.508828,0.001676,8.640614,,
2021-07-15,124.4,134.9,123.0,131.25,2323127.0,92.216457,101.138211,97.294292,106.707317,6.85,6.534091,11.9,0.99589,3.195891,1.732913,1.879788,3.935716,1.732913,0.680624,2.670703,2.191733,1.529299,1.741673,2.191733,0.555446,2.898186,2.062892,1.255634,0.846803,2.062892,0.318733,3.01094,2.064258,1.618988,3.295116,2.064258,,,,,,,0.029008,0.030693,0.031001,0.033286,0.03472,0.036848,0.031485,0.032038,0.033882,0.033381,0.034935,0.037061,,,,1.597896,3.064437,0.026493,6.752685,0.014203,8.189482,0.006844,8.936074,,
2021-07-16,132.7,136.35,132.0,135.55,984490.0,97.323066,100.530303,99.413275,102.689394,2.85,3.27619,4.35,1.986726,2.915316,0.442307,1.216161,0.311931,0.442307,0.939795,2.657829,0.879062,1.333951,1.124349,0.879062,0.657423,2.902503,0.902245,1.169402,0.643533,0.902245,0.244675,2.839672,1.067558,1.520454,3.251086,1.067558,,,,,,,0.029648,0.030996,0.031126,0.031678,0.032617,0.034464,0.031409,0.032012,0.033823,0.032316,0.033907,0.036157,,,,1.251793,3.665284,0.022712,6.693699,0.014781,8.210536,0.014882,7.798568,,
2021-07-19,134.0,134.95,131.25,131.7,261214.0,99.296036,102.095238,97.591701,100.342857,2.3,-2.84028,3.7,1.402416,3.604109,-1.177183,0.523737,-0.291306,-1.177183,0.419964,2.286376,-1.425944,1.18551,1.352274,-1.425944,0.594596,2.944075,-1.166708,1.151648,0.580929,-1.166708,0.221709,2.855356,-1.072367,1.507377,3.177486,-1.072367,,,,,,,0.029752,0.03076,0.031134,0.02718,0.029207,0.031162,0.031146,0.031631,0.033341,0.03161,0.032968,0.03541,,,,-0.285246,10.228949,0.073183,4.788063,0.005678,8.48751,0.012571,7.939846,,
2021-07-20,132.3,132.3,119.5,124.85,553989.0,100.0,110.711297,94.368859,104.476987,7.45,-5.201215,12.8,0.280971,4.698013,-1.166916,0.305144,-1.308541,-1.166916,0.198934,2.600627,-2.076479,0.504822,1.108987,-2.076479,0.498576,3.053442,-1.866677,0.985937,0.495659,-1.866677,0.222544,2.853741,-1.900579,1.512361,3.181027,-1.900579,,,,,,,0.039723,0.040584,0.04201,0.029198,0.030893,0.032969,0.032236,0.032774,0.034456,0.031832,0.033389,0.03579,,,,-1.904894,10.399821,-0.026076,6.402491,-0.010395,9.114537,0.006012,8.032277,,
2021-07-22,126.4,134.4,126.4,132.95,526220.0,94.047619,100.0,98.921131,105.181962,6.55,6.487785,8.0,1.651314,5.408437,0.894246,-0.47027,-2.544194,0.894246,0.595787,2.921654,2.016665,0.494044,0.438186,2.016665,0.611255,3.168601,1.854613,0.914654,0.13267,1.854613,0.270106,2.918055,2.130761,1.465242,2.772054,2.130761,,,,,,,0.042016,0.041359,0.043016,0.029815,0.031074,0.033264,0.032491,0.032849,0.034581,0.031827,0.03324,0.035633,,,,-0.857002,21.932048,0.03774,8.061902,0.004567,9.834889,0.010649,8.335407,,
2021-07-23,133.9,134.2,127.85,128.4,190180.0,99.776453,104.732108,95.678092,100.430192,5.5,-3.422339,6.35,-0.339972,4.976925,-0.619332,0.695551,-1.822614,-0.619332,0.466687,3.04298,-1.278032,0.45029,0.136403,-1.278032,0.613525,3.165608,-1.27491,0.918828,0.13526,-1.27491,0.236356,2.94119,-1.243951,1.445686,2.684599,-1.243951,,,,,,,0.036327,0.034333,0.036698,0.030207,0.031234,0.033259,0.032462,0.032845,0.034559,0.03186,0.033188,0.035549,,,,-0.406899,19.484688,-0.042337,8.737139,-0.01508,9.773297,0.008263,8.507199,,
2021-07-26,128.9,129.9,126.1,127.6,119756.0,99.230177,102.22046,98.229407,101.189532,1.3,-0.623053,3.8,-1.11982,4.556364,0.109027,1.564309,2.626552,0.109027,0.312653,3.014735,-0.310377,0.613928,0.397074,-0.310377,0.605194,3.168357,-0.387661,0.92376,0.134652,-0.387661,0.242897,2.938516,-0.29469,1.443972,2.691562,-0.29469,,,,,,,0.036158,0.034478,0.036531,0.029736,0.030644,0.032726,0.032515,0.032925,0.034596,0.031827,0.033169,0.035519,,,,0.621333,15.83625,-0.026469,8.6109,-0.019998,9.754437,0.006835,8.509597,,
2021-07-27,131.0,131.0,121.55,122.7,227025.0,100.0,107.774578,93.664122,100.946113,8.3,-3.840125,9.45,-1.319789,4.67124,-0.539543,1.604448,2.509133,-0.539543,0.215766,3.119002,-1.300381,0.540889,0.180248,-1.300381,0.510803,3.229728,-1.34715,0.90801,0.081032,-1.34715,0.238037,2.94492,-1.384813,1.430935,2.666995,-1.384813,,,,,,,0.040694,0.036934,0.040287,0.030429,0.030401,0.032983,0.033092,0.033219,0.035054,0.031952,0.033106,0.035558,,,,-0.438866,17.071181,-0.120769,8.756808,-0.029786,10.037765,0.00223,8.581687,,
2021-07-28,123.5,126.05,120.0,121.8,233924.0,97.976993,102.916667,96.628322,101.5,1.7,-0.733496,6.05,-0.426246,4.140293,-0.07421,1.548702,2.641618,-0.07421,-0.021162,2.993457,-0.237964,0.75576,0.903747,-0.237964,0.512543,3.22902,-0.385888,0.907197,0.081624,-0.385888,0.111713,2.700461,-0.312987,1.168732,1.536108,-0.312987,,,,,,,0.032919,0.028554,0.031076,0.030688,0.030939,0.033287,0.033302,0.033521,0.03529,0.031385,0.032449,0.034314,,,,-1.486035,9.297023,-0.074499,8.328207,-0.035974,9.948536,0.00872,7.156209,,
2021-07-29,121.3,126.15,121.3,121.85,185278.0,96.155371,100.0,96.591359,100.453421,0.55,0.041051,4.85,-1.715593,1.779788,0.986996,-0.509152,-2.925285,0.986996,-0.017082,2.993485,0.01942,0.751197,0.898509,0.01942,0.432702,3.189303,-0.122802,0.991098,0.317003,-0.122802,0.136492,2.688179,-0.035504,1.165388,1.567331,-0.035504,,,,,,,0.030378,0.028072,0.031626,0.029717,0.029764,0.032322,0.033266,0.033552,0.035407,0.031355,0.032447,0.03438,,,,0.681634,1.604866,-0.073916,8.331241,-0.028461,9.799528,0.007133,7.11165,,
2021-07-30,123.3,124.2,121.15,122.25,156731.0,99.275362,101.77466,98.429952,100.907965,1.05,0.328272,3.05,-0.96547,1.66745,0.775881,-1.843962,3.663484,0.775881,0.023662,2.992303,0.101798,0.707012,0.856396,0.101798,0.489963,3.160509,-0.05116,0.979405,0.349495,-0.05116,0.134326,2.687934,0.072155,1.168143,1.572945,0.072155,,,,,,,0.028248,0.027298,0.031202,0.029131,0.02916,0.031564,0.033136,0.033435,0.035335,0.031364,0.032456,0.034397,,,,0.578383,1.555259,-0.076396,8.312126,-0.035974,9.519531,0.007495,7.105939,,
2021-08-02,123.8,124.3,118.25,120.15,204567.0,99.597747,104.693446,96.661303,101.606765,3.65,-1.717791,6.05,-1.184418,1.683048,-0.316909,-1.178854,0.935063,-0.316909,-0.039815,3.016211,-0.556319,0.749463,0.80095,-0.556319,0.446429,3.175899,-0.681451,1.000934,0.344995,-0.681451,0.118954,2.694142,-0.681755,1.17422,1.56018,-0.681755,,,,,,,0.030232,0.029064,0.033228,0.029661,0.029762,0.031973,0.033377,0.033667,0.03557,0.031419,0.032477,0.034441,,,,0.530644,1.702956,-0.108725,8.2496,-0.041245,9.530343,0.006203,7.153751,,
2021-08-03,119.95,124.45,117.35,123.1,390018.0,96.38409,102.215594,98.915227,104.899872,3.15,2.455264,7.1,0.07466,1.54909,1.536776,0.809393,1.306149,1.536776,0.078855,3.067504,0.774704,0.614938,0.4196,0.774704,0.505686,3.185362,0.612043,0.939802,0.228373,0.612043,0.13129,2.702054,0.860077,1.155922,1.489503,0.860077,,,,,,,0.027541,0.030138,0.031796,0.030479,0.030735,0.032639,0.0337,0.034045,0.035891,0.030726,0.031508,0.033669,,,,0.461868,1.493101,-0.07116,8.770733,-0.038855,9.629207,0.00826,7.171241,,
2021-08-04,124.8,127.85,115.0,120.45,397849.0,97.614392,108.521739,94.211967,104.73913,4.35,-2.152721,12.85,-0.209185,1.837389,-1.057771,0.558317,-0.329894,-1.057771,-0.15148,3.052692,-0.655566,0.825557,0.752012,-0.655566,0.465693,3.206286,-0.81665,0.948571,0.201098,-0.81665,0.131667,2.701729,-0.845528,1.156225,1.490663,-0.845528,,,,,,,0.037328,0.041304,0.042273,0.032881,0.033642,0.034971,0.034831,0.035489,0.037108,0.03125,0.032146,0.034195,,,,-0.226055,2.598597,-0.065538,8.710168,-0.046723,9.620044,0.005496,7.201183,,
2021-08-05,121.1,129.0,120.5,121.15,200861.0,93.875969,100.497925,93.914729,100.539419,0.05,0.581154,8.5,-0.101164,1.871341,0.364615,0.269849,-1.119147,0.364615,-0.178311,3.043293,0.249554,0.859192,0.840117,0.249554,0.381251,3.144725,0.063568,1.033524,0.506831,0.063568,0.161244,2.690158,0.156091,1.145954,1.508691,0.156091,,,,,,,0.04022,0.044928,0.047464,0.034027,0.035196,0.037236,0.034759,0.035534,0.037478,0.031337,0.032316,0.034524,,,,0.007083,2.801434,-0.035031,8.757748,-0.035829,9.424179,0.004243,7.149583,,
2021-08-06,122.5,123.6,116.2,119.1,398216.0,99.110032,105.421687,96.359223,102.495697,3.4,-1.692117,7.4,-0.505242,1.970913,-0.602195,1.05057,-0.567253,-0.602195,-0.203699,3.054226,-0.487331,0.872676,0.816532,-0.487331,0.352284,3.157246,-0.647527,1.044093,0.493756,-0.647527,0.163518,2.688477,-0.690218,1.146917,1.514738,-0.690218,,,,,,,0.042988,0.047773,0.050059,0.034666,0.035876,0.037933,0.034961,0.035736,0.037681,0.031474,0.032502,0.03469,,,,-0.182276,3.041149,-0.072542,8.686909,-0.042238,9.397306,0.00188,7.152684,,
2021-08-09,119.5,122.65,119.0,120.1,182856.0,97.431716,100.420168,97.920913,100.92437,0.6,0.839631,3.65,0.006242,1.908423,0.43669,0.029697,-1.72301,0.43669,-0.077818,3.042123,0.301582,0.754135,0.714982,0.301582,0.394492,3.149201,0.14135,1.013218,0.469794,0.14135,0.201509,2.670685,0.238936,1.143091,1.549728,0.238936,,,,,,,0.041644,0.046817,0.049048,0.034766,0.036007,0.038015,0.034906,0.035711,0.037663,0.03125,0.032436,0.034471,,,,-0.277066,2.760132,-0.080915,8.574088,-0.045066,9.296169,0.000389,7.061104,,
2021-08-10,123.35,123.35,108.9,114.1,439280.0,100.0,113.269054,92.501013,104.775023,9.25,-4.995837,14.45,-1.483978,2.371056,-1.481137,-0.696042,-0.103997,-1.481137,-0.331673,3.233936,-1.442256,0.68429,0.392962,-1.442256,0.287645,3.240177,-1.630615,0.935459,0.378648,-1.630615,0.163847,2.71722,-1.898883,1.05717,1.44238,-1.898883,,,,,,,0.05104,0.054604,0.058695,0.038421,0.039371,0.041888,0.036338,0.03701,0.039192,0.031993,0.033129,0.035226,,,,-0.542775,3.908313,-0.148661,9.200597,-0.057867,9.591429,-0.003566,7.298859,,
2021-08-11,115.95,116.4,107.1,113.95,203489.0,99.613402,108.263305,97.895189,106.395892,2.0,-0.131464,9.3,-1.079727,2.400656,0.395002,-1.439001,1.684215,0.395002,-0.358547,3.229713,0.070311,0.71403,0.442156,0.070311,0.163654,3.131251,-0.094249,1.026537,0.800042,-0.094249,0.085839,2.609408,-0.083277,1.039951,1.628913,-0.083277,,,,,,,0.047916,0.051253,0.058287,0.039846,0.041217,0.044352,0.036399,0.037466,0.039916,0.031833,0.033111,0.035392,,,,-0.472895,4.16326,-0.134153,9.311095,-0.044697,9.192597,0.000808,6.740374,,
2021-08-12,112.1,117.0,112.1,114.95,149693.0,95.811966,100.0,98.247863,102.542373,2.85,0.877578,4.9,-1.020442,2.454972,0.773133,-1.384216,1.482041,0.773133,-0.296471,3.241514,0.362192,0.645662,0.321909,0.362192,0.034229,2.957099,0.285195,1.050993,1.209723,0.285195,0.131155,2.583019,0.288973,1.050021,1.6991,0.288973,,,,,,,0.045747,0.047923,0.05376,0.039996,0.041272,0.044579,0.035554,0.036734,0.039382,0.031761,0.033094,0.035414,,,,0.41683,4.474015,-0.116579,9.530151,-0.025421,8.434973,-0.000988,6.604453,,
2021-08-13,115.0,121.0,112.6,118.2,280566.0,95.041322,102.131439,97.68595,104.973357,3.2,2.827316,8.4,-0.116555,2.931577,1.004194,-1.468473,2.894198,1.004194,-0.48181,2.920484,1.133075,0.41806,0.351459,1.133075,0.128037,2.970051,0.908833,0.961791,1.009011,0.908833,0.177192,2.589695,1.023335,1.003247,1.583028,1.023335,,,,,,,0.046811,0.049357,0.05447,0.039233,0.04075,0.043999,0.035935,0.037254,0.039768,0.031907,0.033284,0.035556,,,,0.984879,4.935345,0.035897,8.059917,-0.023495,8.529818,-0.000543,6.639212,,
2021-08-16,120.9,134.55,116.15,129.55,4292719.0,89.855072,104.089539,96.283909,111.536806,8.65,9.602369,18.4,1.635993,5.304778,1.501736,0.585111,1.429916,1.501736,-0.165501,3.610091,2.705713,1.137113,1.884813,2.705713,0.323616,3.257633,2.848311,1.064032,1.059108,2.848311,0.264906,2.755313,3.388894,1.147936,1.866877,3.388894,,,,,,,0.060707,0.064345,0.067536,0.043706,0.045732,0.048324,0.037948,0.039468,0.041667,0.032951,0.034412,0.036555,,,,3.215519,1.833405,0.239294,10.477168,-0.001949,10.399138,0.005453,7.491057,,
2021-08-17,124.1,138.0,123.25,135.05,2349775.0,89.927536,100.689655,97.862319,109.574037,10.95,4.245465,14.75,3.484253,3.818066,0.199371,1.229116,1.521499,0.199371,0.188786,3.680776,1.102126,0.87405,1.116731,1.102126,0.241343,3.098615,1.29223,0.991752,1.1269,1.29223,0.314147,2.782149,1.413051,1.09144,1.64063,1.413051,,,,,,,0.059053,0.061504,0.065613,0.046116,0.047531,0.050833,0.037949,0.039275,0.0419,0.033583,0.034867,0.037219,,,,1.747865,5.55204,0.260074,10.621719,0.026958,9.258044,0.007245,7.619209,,
2021-08-18,134.0,135.65,128.25,131.35,629060.0,98.783634,104.483431,96.830077,102.417154,2.65,-2.739726,7.4,2.9626,4.544624,-1.254741,0.445459,0.857118,-1.254741,0.311861,3.529092,-0.864695,1.050297,1.420477,-0.864695,0.237977,3.101823,-0.959985,0.989051,1.117792,-0.959985,0.275525,2.797579,-1.077807,1.102088,1.614373,-1.077807,,,,,,,0.056693,0.05828,0.060336,0.044685,0.046219,0.049352,0.038059,0.039472,0.042077,0.033708,0.035013,0.037347,,,,-0.581646,15.846259,0.133133,11.242424,0.013055,9.393383,0.005921,7.718973,,
2021-08-20,130.05,131.35,124.5,125.9,391893.0,99.010278,104.457831,95.85078,101.124498,4.15,-4.14922,6.85,1.957241,5.563078,-1.097677,0.31016,-1.05505,-1.097677,-0.219989,3.346146,-1.174255,1.260407,2.768202,-1.174255,0.209454,3.135976,-1.389894,0.945199,1.039834,-1.389894,0.252855,2.824299,-1.558643,1.060638,1.53479,-1.558643,,,,,,,0.057349,0.058888,0.060363,0.044503,0.04629,0.049325,0.037968,0.03928,0.041863,0.033801,0.03512,0.037437,,,,-2.629517,10.929552,0.166918,9.710457,-0.004519,9.633403,0.001985,7.893614,,
2021-08-23,128.45,129.75,120.85,125.0,185579.0,98.998073,106.288788,96.339114,103.434009,3.45,-0.714853,8.9,1.248807,5.649447,-0.347584,0.881642,-0.554861,-0.347584,-0.084615,3.263518,-0.193116,1.275282,3.089154,-0.193116,0.165872,3.133322,-0.281083,0.989161,1.112177,-0.281083,0.250134,2.825107,-0.341575,1.062417,1.533863,-0.341575,,,,,,,0.057269,0.058788,0.06134,0.045047,0.047222,0.050354,0.0384,0.039787,0.042393,0.034026,0.035387,0.037701,,,,-2.902913,8.679195,0.109285,9.72091,-0.003621,9.618623,0.000988,7.900602,,
2021-08-24,126.0,127.5,121.2,125.45,151049.0,98.823529,103.960396,98.392157,103.506601,0.55,0.36,6.3,-0.599667,3.224465,0.29762,0.746949,0.460308,0.29762,-0.035463,3.262385,0.121219,1.226797,3.005143,0.121219,0.195143,3.128053,0.052703,0.966351,1.100788,0.052703,0.246322,2.824695,0.040244,1.066959,1.542537,0.040244,,,,,,,0.043648,0.043793,0.048427,0.045383,0.047683,0.050854,0.038439,0.03988,0.042446,0.034041,0.035488,0.037522,,,,-0.574606,7.657399,0.107135,9.729354,-0.006273,9.580826,0.001351,7.89759,,
2021-08-25,125.05,127.9,123.65,124.55,108052.0,97.771697,101.132228,97.380766,100.727861,0.5,-0.717417,4.25,-1.592243,1.816675,0.481553,-0.656268,-1.09302,0.481553,0.120673,3.143263,-0.266631,1.309017,3.558509,-0.266631,0.211696,3.120838,-0.297713,0.959647,1.116288,-0.297713,0.237187,2.826336,-0.337753,1.074588,1.546328,-0.337753,,,,,,,0.032646,0.03613,0.037578,0.044488,0.047376,0.050212,0.038333,0.039775,0.0423,0.034041,0.035489,0.037534,,,,0.855384,1.176884,0.037319,9.339789,-0.012682,9.511342,0.000748,7.907824,,
2021-08-26,124.45,127.3,122.0,122.85,148894.0,97.761194,102.008197,96.504321,100.696721,1.6,-1.364914,5.3,-1.317281,1.699866,-0.028022,-1.489496,2.853117,-0.028022,0.089102,3.155441,-0.460796,1.322328,3.517278,-0.460796,0.089367,3.058508,-0.475487,1.072144,1.543359,-0.475487,0.226964,2.8303,-0.562441,1.079355,1.537626,-0.562441,,,,,,,0.031132,0.034489,0.03615,0.044364,0.04722,0.05011,0.038087,0.039603,0.04212,0.034097,0.035556,0.037598,,,,0.556605,1.692017,0.00261,9.458743,-0.005274,9.161592,-0.000555,7.930235,,
2021-08-27,123.9,124.8,121.55,123.0,212899.0,99.278846,101.933361,98.557692,101.192925,0.9,0.1221,3.25,-0.463017,0.700228,0.835609,-0.010022,-1.522174,0.835609,0.093154,3.155428,0.009173,1.318064,3.509016,0.009173,0.147573,3.03019,-0.008406,1.060655,1.613208,-0.008406,0.228676,2.830183,-0.037657,1.077646,1.535672,-0.037657,,,,,,,0.028505,0.032394,0.034294,0.044193,0.04699,0.049697,0.037909,0.039492,0.042013,0.034088,0.035542,0.037597,,,,-0.005101,0.392203,0.002323,9.458713,-0.012244,8.967194,-0.000784,7.929324,,
2021-08-30,124.9,126.3,122.7,122.9,290802.0,98.891528,101.792991,97.307997,100.162999,2.0,-0.081301,3.6,-0.336306,0.700586,0.363989,-0.839901,-0.611274,0.363989,0.072676,3.155151,-0.048802,1.340013,3.55412,-0.048802,0.170776,3.023772,-0.083365,1.045494,1.617896,-0.083365,0.240148,2.826539,-0.113725,1.070793,1.540623,-0.113725,,,,,,,0.022552,0.025791,0.027588,0.044237,0.04701,0.049784,0.037917,0.039478,0.042022,0.034061,0.035493,0.037534,,,,-0.004308,0.39262,0.003543,9.456813,-0.016184,8.90579,-0.001852,7.906575,,
2021-08-31,124.6,135.95,122.75,129.1,1873497.0,91.651342,101.507128,94.961383,105.173116,4.5,5.044752,13.2,0.600644,2.551708,1.741621,1.942586,4.037697,1.741621,0.410803,3.311652,1.399286,1.024445,2.0634,1.399286,0.309815,3.085475,1.534589,0.933388,1.187018,1.534589,0.28164,2.86643,1.661688,1.030807,1.309219,1.661688,,,,,,,0.032801,0.036822,0.038376,0.045827,0.049005,0.051687,0.038257,0.039868,0.042271,0.03459,0.036128,0.038144,,,,1.280795,1.928098,0.046302,10.347405,-0.009805,9.309733,0.0014,8.132625,,
2021-09-01,130.3,136.05,130.3,133.8,778632.0,95.773613,100.0,98.346196,102.686109,3.5,3.640589,5.75,1.472245,2.727196,0.795082,0.549327,-2.148877,0.795082,0.470069,3.360414,0.943491,0.96045,1.710709,0.943491,0.2315,2.944254,1.157879,0.87121,1.376822,1.157879,0.319032,2.885743,1.151023,0.986859,1.157914,1.151023,,,,,,,0.033586,0.037082,0.038876,0.045514,0.048592,0.051425,0.036954,0.038897,0.04133,0.034656,0.036181,0.038214,,,,1.493366,1.489795,0.124723,10.210533,0.015779,8.443407,0.003165,8.235894,,
2021-09-02,133.9,145.6,133.8,143.45,2735284.0,91.964286,100.074738,98.523352,107.212257,9.55,7.212257,11.8,3.187679,3.15971,1.273717,0.104896,-2.020611,1.273717,0.938318,3.618288,1.733952,0.736104,0.608524,1.733952,0.391358,3.100993,2.199586,0.827682,0.909559,2.199586,0.395597,2.96575,2.298461,0.959676,0.923156,2.298461,,,,,,,0.038895,0.039431,0.041029,0.044699,0.046818,0.049903,0.037255,0.038867,0.04128,0.035006,0.036398,0.038424,,,,1.79022,1.577238,0.179627,11.364566,0.029726,9.239821,0.006797,8.669221,,
2021-09-03,146.5,148.0,138.05,143.3,879609.0,98.986486,106.120971,96.824324,103.80297,3.2,-0.104566,9.95,3.142346,3.215817,-1.00967,0.08386,-2.07802,-1.00967,0.904032,3.625093,-0.278227,0.762157,0.612837,-0.278227,0.418252,3.090517,-0.169168,0.813335,0.931343,-0.169168,0.388602,2.9661,-0.166268,0.966503,0.930728,-0.166268,,,,,,,0.042568,0.043999,0.04645,0.044739,0.04677,0.049518,0.037553,0.039267,0.041763,0.035238,0.036682,0.038751,,,,0.212097,8.183211,0.159089,11.642695,0.024051,9.239808,0.006621,8.673247,,
2021-09-06,145.0,150.4,143.7,148.3,827900.0,96.409574,100.904662,98.603723,103.201113,3.3,3.489184,6.7,3.856443,2.671359,-0.13748,-0.496959,1.204728,-0.13748,1.163097,3.614921,0.643468,0.572344,0.414437,0.643468,0.504842,3.115089,0.958028,0.729121,0.730711,0.958028,0.464401,2.947268,1.026301,0.954586,0.883982,1.026301,,,,,,,0.043606,0.045177,0.047182,0.044388,0.046364,0.049142,0.037652,0.039406,0.041843,0.035202,0.036681,0.038754,,,,-0.685629,4.768752,0.155028,11.615147,0.028195,9.34416,0.005748,8.571993,,
2021-09-07,149.0,149.85,137.0,138.65,642257.0,99.432766,108.759124,92.525859,101.20438,10.35,-6.50708,12.85,1.546077,5.192451,-1.550935,-0.977197,1.075297,-1.550935,0.795762,4.002063,-1.824769,0.316997,0.141574,-1.824769,0.325548,3.255236,-2.098965,0.594185,0.712526,-2.098965,0.384941,3.026771,-2.277021,0.835418,0.871178,-2.277021,,,,,,,0.041579,0.038709,0.04019,0.045812,0.047203,0.049884,0.038184,0.03963,0.042065,0.035563,0.03689,0.038917,,,,-2.401841,10.031559,0.040347,15.161557,0.016478,10.328085,0.002197,9.065706,,
2021-09-08,138.95,142.9,138.25,141.75,332899.0,97.235829,100.506329,99.195241,102.531646,2.8,2.235846,4.65,1.265128,5.087739,0.190795,-0.790362,1.195055,0.190795,1.157346,3.771291,0.285976,0.273257,0.523088,0.285976,0.408313,3.250038,0.562311,0.528607,0.672404,0.562311,0.370319,3.014109,0.618931,0.849539,0.941086,0.618931,,,,,,,0.040905,0.038012,0.039078,0.042878,0.044464,0.046675,0.037976,0.039364,0.041781,0.035339,0.036629,0.038694,,,,-1.635534,15.358128,-0.030527,13.480517,0.015517,10.301351,0.005305,8.970559,,
2021-09-09,141.9,145.7,139.25,142.45,193669.0,97.391901,101.903052,97.769389,102.298025,0.55,0.493827,6.45,-0.078558,3.864565,0.148111,-1.499182,2.640272,0.148111,1.18861,3.762626,-0.184654,0.249481,0.548901,-0.184654,0.338088,3.208403,0.048541,0.587915,0.893147,0.048541,0.379654,3.01302,0.037893,0.841177,0.935948,0.037893,,,,,,,0.036136,0.036071,0.036956,0.041839,0.043133,0.044635,0.038024,0.039501,0.041839,0.035411,0.036724,0.038764,,,,-0.005655,11.947825,-0.060355,13.328365,0.024527,9.962703,0.004887,8.967609,,
2021-09-13,141.45,142.6,135.0,138.1,205353.0,99.193548,104.777778,96.84432,102.296296,3.35,-3.053703,7.6,-0.668385,4.088116,-0.583476,-0.699395,-0.990525,-0.583476,0.992046,3.880569,-1.042566,0.320039,0.236241,-1.042566,0.277825,3.243764,-1.027056,0.602691,0.791705,-1.027056,0.361875,3.028095,-1.127962,0.833311,0.893249,-1.127962,,,,,,,0.034246,0.033317,0.03276,0.04209,0.043483,0.04478,0.037854,0.039271,0.041555,0.035288,0.036531,0.038583,,,,-0.608487,12.629643,-0.125871,13.779079,0.015619,10.260761,0.001844,9.074835,,
2021-09-14,139.2,141.6,136.0,139.5,208314.0,98.305085,102.352941,98.516949,102.573529,0.3,1.013758,5.6,-1.16347,3.576641,0.608736,-0.957874,-0.425296,0.608736,0.901368,3.856541,0.029143,0.398146,0.369213,0.029143,0.307832,3.243487,0.217644,0.57446,0.769404,0.217644,0.36406,3.02849,0.214529,0.830849,0.88869,0.214529,,,,,,,0.033771,0.033225,0.032473,0.041323,0.042621,0.044094,0.037768,0.039225,0.041419,0.0353,0.03656,0.038584,,,,0.975213,8.331811,-0.096583,13.819101,0.015478,10.259915,0.002494,9.074852,,
2021-09-15,140.2,141.6,138.6,139.95,172146.0,99.011299,101.154401,98.834746,100.974026,0.25,0.322581,3.0,0.202462,1.968171,0.061031,-1.396671,2.825291,0.061031,0.437379,3.267923,-0.035129,0.026852,0.263266,-0.035129,0.323249,3.241652,-0.000206,0.560844,0.766588,-0.000206,0.366793,3.028327,-0.014599,0.828232,0.886431,-0.014599,,,,,,,0.024367,0.027317,0.026765,0.036413,0.037142,0.039165,0.037739,0.039234,0.041348,0.035237,0.03648,0.038477,,,,-0.33066,2.880285,0.032533,10.110164,0.013661,10.259274,0.002279,9.074728,,
2021-09-16,141.5,144.0,137.5,138.55,202628.0,98.263889,102.909091,96.215278,100.763636,2.95,-1.000357,6.5,-0.444779,1.636483,-0.339495,-1.287998,1.07544,-0.339495,0.175088,3.154752,-0.372595,0.199266,0.713577,-0.372595,0.301605,3.246905,-0.400986,0.577527,0.758071,-0.400986,0.349889,3.031221,-0.445446,0.841975,0.891056,-0.445446,,,,,,,0.025859,0.029096,0.028914,0.033674,0.035256,0.036244,0.037873,0.039389,0.041461,0.035179,0.036378,0.038396,,,,0.038791,2.139451,0.072122,9.281886,0.009956,10.310903,0.001662,9.094113,,
2021-09-17,139.95,141.65,135.2,139.0,151091.0,98.799859,103.513314,98.129192,102.810651,0.95,0.324792,6.45,-0.478586,1.613835,0.497807,-1.275019,1.18365,0.497807,0.328314,3.079247,-0.001144,0.097883,1.043828,-0.001144,0.259021,3.232028,0.02035,0.620436,0.861084,0.02035,0.35999,3.029419,-0.011618,0.833683,0.888749,-0.011618,,,,,,,0.026028,0.029263,0.02975,0.033412,0.035006,0.036085,0.037815,0.039309,0.041321,0.035258,0.036484,0.038504,,,,0.474288,1.633672,0.028237,8.981162,0.015281,10.188456,0.00102,9.084737,,
2021-09-20,139.0,139.7,133.05,135.05,140741.0,99.498926,104.472003,96.671439,101.503194,3.95,-2.841727,6.65,-0.436191,1.529875,-1.572374,-1.183849,0.824537,-1.572374,0.393688,2.991821,-1.08142,0.160328,1.310877,-1.08142,0.179831,3.258953,-0.927156,0.662436,0.813419,-0.927156,0.332065,3.046054,-1.041936,0.836219,0.846965,-1.041936,,,,,,,0.025153,0.027828,0.028176,0.033279,0.034892,0.035944,0.038004,0.039483,0.041472,0.035356,0.036573,0.038582,,,,-0.770876,0.683915,-0.087747,8.247432,0.010089,10.387164,-0.00113,9.184595,,
2021-09-21,136.0,137.4,131.7,132.6,87115.0,98.981077,103.264996,96.50655,100.683371,3.4,-1.814143,5.7,-1.001771,1.374688,-0.59095,-0.338093,-1.675229,-0.59095,0.338724,3.023192,-0.712117,0.196105,1.146813,-0.712117,0.167235,3.265543,-0.606753,0.667197,0.794749,-0.606753,0.309979,3.053594,-0.695614,0.848602,0.836039,-0.695614,,,,,,,0.025392,0.027238,0.027568,0.032386,0.033734,0.034553,0.038044,0.039487,0.041485,0.035412,0.036614,0.038618,,,,-0.611482,0.763993,-0.136791,8.060539,0.002056,10.449618,-0.002367,9.226525,,
2021-09-22,132.7,135.9,131.0,132.15,112942.0,97.645327,101.29771,97.240618,100.877863,0.55,-0.339367,4.9,-1.13416,1.240595,0.640655,-0.367354,-0.799147,0.640655,0.303756,3.026975,-0.212464,0.233222,1.135825,-0.212464,0.194008,3.255579,-0.163834,0.651433,0.817716,-0.163834,0.319847,3.049846,-0.216146,0.843322,0.843094,-0.216146,,,,,,,0.026626,0.028807,0.029199,0.032044,0.03328,0.034035,0.038121,0.039591,0.041552,0.035448,0.036668,0.03867,,,,-0.081695,1.217912,-0.146142,7.994313,-0.003655,10.384036,-0.003745,9.196862,,
2021-09-23,134.4,140.0,134.4,138.15,290522.0,96.0,100.0,98.678571,102.790179,3.75,4.540295,5.6,-0.02603,2.837167,1.609466,1.225777,1.79788,1.609466,0.566641,3.159049,1.257864,0.070137,0.548619,1.257864,0.283188,3.312995,1.284972,0.582006,0.542255,1.284972,0.362263,3.078906,1.356986,0.80404,0.687127,1.356986,,,,,,,0.025985,0.027549,0.028828,0.032191,0.033262,0.034226,0.038214,0.039641,0.041669,0.035499,0.036697,0.03874,,,,1.093337,4.048846,-0.101744,9.136417,0.006295,10.748161,-0.00125,9.383561,,
2021-09-24,138.15,139.45,133.1,134.75,94045.0,99.067766,103.79414,96.629616,101.239669,3.4,-2.461093,6.35,-0.583207,3.018787,-0.622066,1.734189,2.985064,-0.622066,0.511832,3.203522,-0.928018,0.08774,0.379409,-0.928018,0.225846,3.335561,-0.805543,0.612161,0.496442,-0.805543,0.303409,3.076032,-0.898724,0.846737,0.763495,-0.898724,,,,,,,0.025986,0.026731,0.027445,0.032293,0.033267,0.034168,0.038348,0.039759,0.041765,0.035206,0.036307,0.038315,,,,0.711571,6.277795,-0.175495,8.72537,0.000139,10.903443,-0.001072,9.366394,,
2021-09-27,135.45,135.75,132.85,133.3,109772.0,99.779006,101.957094,98.195212,100.338728,2.15,-1.076067,2.9,-0.230075,2.78257,-0.304033,1.796084,3.45631,-0.304033,0.451924,3.222341,-0.474186,0.141296,0.303039,-0.474186,0.211603,3.339648,-0.385571,0.622101,0.490316,-0.385571,0.328637,3.05397,-0.45996,0.860484,0.817943,-0.45996,,,,,,,0.02318,0.023827,0.024872,0.032229,0.033121,0.034013,0.038282,0.039647,0.041658,0.03478,0.035837,0.037895,,,,-0.064557,6.185823,-0.204333,8.476055,-0.004369,10.926212,-0.004256,9.218374,,
2021-09-28,133.0,148.65,132.4,141.95,3477351.0,89.471914,100.453172,95.492768,107.212991,8.95,6.489122,16.25,1.430578,3.867179,1.308071,0.571176,-2.260261,1.308071,0.780445,3.489014,1.636187,0.099653,-0.215634,1.636187,0.210704,3.337917,1.880939,0.620851,0.490333,1.880939,0.383075,3.114788,1.960341,0.837169,0.622621,1.960341,,,,,,,0.037075,0.038082,0.039397,0.035571,0.036528,0.037324,0.038738,0.040126,0.042192,0.035299,0.036308,0.038258,,,,0.804062,10.671027,-0.126507,11.032424,0.025886,10.779311,-0.000162,9.604862,,
2021-09-29,138.85,148.6,137.95,144.6,1058183.0,93.438762,100.65241,97.30821,104.820587,5.75,1.866855,10.65,1.871822,3.738463,-0.001329,0.08354,-2.028039,-0.001329,0.62155,3.354354,0.37125,0.152003,0.180274,0.37125,0.182517,3.31739,0.50773,0.644872,0.59025,0.50773,0.41997,3.110245,0.465199,0.809323,0.601337,0.465199,,,,,,,0.040942,0.041744,0.043945,0.034306,0.034702,0.035737,0.039153,0.040566,0.042694,0.035493,0.03654,0.03851,,,,0.360333,10.921207,-0.043656,10.625739,0.03729,10.495393,-0.000617,9.576569,,
2021-09-30,146.0,164.85,145.75,159.45,3279803.0,88.565362,100.171527,96.724295,109.399657,13.45,10.26971,19.1,3.017705,5.309024,1.365977,0.525258,-1.557151,1.365977,0.953006,3.944065,2.362209,0.642516,0.643821,2.362209,0.444717,3.581202,2.74349,0.771235,0.751586,2.74349,0.519657,3.262425,2.988591,0.891356,0.731083,2.988591,,,,,,,0.051477,0.050506,0.052001,0.03764,0.037421,0.038423,0.040457,0.041616,0.043716,0.036103,0.036962,0.038872,,,,2.840453,6.41225,0.141844,14.10888,0.053622,11.969728,0.005162,10.514779,,
2021-10-01,163.8,178.5,163.15,173.9,8313231.0,91.764706,100.398406,97.422969,106.589029,10.1,9.062402,15.35,5.322404,4.814195,0.776869,-0.478848,-1.913993,0.776869,1.045513,4.116528,1.947488,0.731669,0.602058,1.947488,0.72999,3.68877,2.258859,0.81083,0.558996,2.258859,0.614283,3.370902,2.506189,0.890058,0.595621,2.506189,,,,,,,0.055466,0.053978,0.056765,0.037865,0.038031,0.039447,0.040254,0.041321,0.0435,0.036466,0.037294,0.039235,,,,2.405752,6.96589,0.356523,11.872144,0.060072,12.583389,0.009679,11.171285,,
2021-10-04,177.0,187.7,177.0,183.2,4996626.0,94.299414,100.0,97.602557,103.502825,6.2,5.347901,10.7,6.607198,3.298206,-0.381813,-0.517829,-0.355068,-0.381813,1.318137,4.215707,0.955893,0.528705,0.100442,0.955893,0.707192,3.655834,1.269398,0.812226,0.634551,1.269398,0.659223,3.403924,1.377433,0.851702,0.446744,1.377433,,,,,,,0.05737,0.056033,0.059445,0.03753,0.037389,0.038808,0.040225,0.04141,0.043641,0.036563,0.037376,0.039368,,,,0.491311,8.219757,0.399827,11.568189,0.085038,11.591864,0.012636,11.337774,,
2021-10-05,182.95,182.95,176.5,178.1,792986.0,100.0,103.654391,97.349002,100.906516,4.85,-2.783843,6.45,4.752605,5.350065,-1.408665,-0.554769,-1.032057,-1.408665,1.004485,4.278569,-0.88542,0.691387,0.153595,-0.88542,0.719962,3.642205,-0.962001,0.822686,0.660909,-0.962001,0.666744,3.395382,-1.016259,0.860058,0.460873,-1.016259,,,,,,,0.049168,0.046906,0.050469,0.03734,0.037069,0.038475,0.04013,0.041379,0.043601,0.036498,0.037356,0.039336,,,,-1.42232,18.852564,0.375507,12.702418,0.066711,12.073562,0.008049,11.359354,,
2021-10-06,178.65,184.55,175.4,179.95,856808.0,96.803034,101.852908,97.507451,102.594071,1.3,1.038742,9.15,4.586982,5.473135,-0.648301,-0.435927,-1.655333,-0.648301,1.381777,3.897012,-0.088025,1.010015,0.268792,-0.088025,0.753198,3.637279,0.078505,0.798562,0.649165,0.078505,0.679196,3.39443,0.105922,0.849741,0.451746,0.105922,,,,,,,0.046958,0.045043,0.047545,0.036,0.036563,0.037911,0.040283,0.041589,0.043773,0.036606,0.037508,0.039448,,,,-3.030818,5.592453,0.257392,12.224531,0.064172,12.107619,0.00774,11.357012,,
2021-10-07,181.5,181.7,172.85,174.25,218186.0,99.889928,105.004339,95.899835,100.809951,7.25,-3.167547,8.85,1.899531,5.280819,-0.959525,0.495268,-1.707868,-0.959525,1.111607,4.020045,-1.064454,1.059151,0.25641,-1.064454,0.766649,3.621153,-1.086449,0.814074,0.676824,-1.086449,0.638726,3.416075,-1.114224,0.855239,0.421316,-1.114224,,,,,,,0.035931,0.03512,0.038064,0.036349,0.036708,0.038122,0.040003,0.041458,0.043493,0.036711,0.037565,0.039495,,,,-2.876906,5.756468,0.205887,13.943271,0.043698,12.45284,0.005577,11.526958,,
2021-10-08,174.35,181.0,170.0,172.45,276211.0,96.325967,102.558824,95.276243,101.441176,1.9,-1.032999,11.0,-0.119549,3.480581,-0.262442,1.156175,0.796564,-0.262442,1.035266,4.046803,-0.511086,1.092674,0.261594,-0.511086,0.760659,3.623931,-0.494948,0.816273,0.671532,-0.494948,0.636601,3.417057,-0.488607,0.856001,0.419747,-0.488607,,,,,,,0.031486,0.032944,0.034118,0.036812,0.037315,0.038773,0.040139,0.041647,0.043687,0.036879,0.037803,0.039707,,,,-1.31455,6.235473,0.165496,14.647102,0.035789,12.603477,0.003699,11.548117,,
2021-10-11,172.45,175.8,166.15,167.8,121181.0,98.094425,103.791754,95.449374,100.993079,4.65,-2.696434,9.65,-1.728416,1.750918,-0.552863,1.277799,0.681403,-0.552863,1.053129,4.02855,-0.930747,1.107482,0.283033,-0.930747,0.70591,3.655566,-0.93073,0.824253,0.609972,-0.93073,0.569306,3.415757,-0.956081,0.897587,0.495516,-0.956081,,,,,,,0.03119,0.033066,0.032602,0.036858,0.037333,0.038726,0.040287,0.041777,0.043688,0.036944,0.037889,0.039759,,,,-0.189692,2.380604,0.047623,15.342348,0.025893,12.956278,0.003778,11.53883,,
2021-10-12,174.15,177.55,167.5,170.9,184885.0,98.085046,103.970149,96.254576,102.029851,3.25,1.847437,10.05,-0.80216,2.216185,1.195567,0.183585,-2.561451,1.195567,1.094813,4.032433,0.186643,1.070274,0.212896,0.186643,0.736293,3.658675,0.303701,0.796871,0.568087,0.303701,0.613128,3.40362,0.362646,0.876172,0.491724,0.362646,,,,,,,0.033538,0.036502,0.039247,0.037288,0.037831,0.039963,0.040535,0.042082,0.044222,0.037021,0.038005,0.040021,,,,0.20885,3.841943,0.058349,15.334287,0.027654,12.958926,0.002656,11.462905,,
2021-10-13,172.0,176.0,168.15,169.2,157880.0,97.727273,102.289622,96.136364,100.624442,2.8,-0.994734,7.85,-1.208855,1.966409,0.108889,0.973083,0.93461,0.108889,1.028947,4.056398,-0.498886,1.097957,0.215922,-0.498886,0.750754,3.650196,-0.47819,0.794249,0.585842,-0.47819,0.598591,3.407387,-0.467609,0.885247,0.492042,-0.467609,,,,,,,0.032991,0.035571,0.038845,0.037678,0.038297,0.040434,0.040499,0.042091,0.04421,0.03711,0.038113,0.040118,,,,0.722606,2.049093,0.016305,15.622804,0.017571,12.993158,0.001607,11.492033,,
2021-10-14,173.0,173.3,167.4,168.55,114238.0,99.82689,103.345281,97.259088,100.686977,4.45,-0.384161,5.9,-0.652178,1.640218,0.163403,0.660848,1.765113,0.163403,1.059757,4.042489,-0.357185,1.088823,0.222876,-0.357185,0.693965,3.645221,-0.295764,0.843379,0.66101,-0.295764,0.599826,3.407005,-0.288813,0.884541,0.492271,-0.288813,,,,,,,0.031546,0.034811,0.039243,0.037454,0.037931,0.040354,0.040298,0.041823,0.044093,0.037146,0.038132,0.040197,,,,0.299938,1.972327,-0.035924,15.481723,0.019075,12.946109,0.000353,11.491501,,
2021-10-18,173.0,173.45,161.8,165.1,391174.0,99.740559,106.922126,95.185933,102.039555,7.9,-2.04687,11.65,-0.854952,1.757542,-0.678173,0.913237,0.76416,-0.678173,0.941174,4.099566,-0.728868,1.115312,0.193963,-0.728868,0.696083,3.643564,-0.752821,0.843803,0.664685,-0.752821,0.580888,3.416482,-0.769141,0.889488,0.476832,-0.769141,,,,,,,0.032562,0.033803,0.040039,0.03809,0.038262,0.041047,0.039722,0.040965,0.043502,0.037357,0.038325,0.040427,,,,-0.093247,2.453773,-0.091909,15.685247,0.005654,13.003389,-0.001676,11.553287,,
2021-10-19,168.4,172.6,161.6,164.6,521245.0,97.566628,104.207921,95.365006,101.856436,3.8,-0.302847,11.0,-0.376235,1.425108,0.051497,0.877651,1.814808,0.051497,1.068118,4.014692,-0.341487,1.129301,0.278848,-0.341487,0.678402,3.646277,-0.26911,0.856637,0.671217,-0.26911,0.529827,3.390799,-0.245568,0.93587,0.617721,-0.245568,,,,,,,0.033811,0.035708,0.042342,0.03855,0.038974,0.041831,0.039694,0.040878,0.043194,0.037308,0.038299,0.040432,,,,-0.53527,1.051717,-0.169411,14.357591,0.003022,13.027525,0.000358,11.382438,,
2021-10-20,166.0,168.6,160.05,164.05,248732.0,98.457888,103.717588,97.301305,102.499219,1.95,-0.334143,8.55,-0.812551,0.746479,0.640885,-1.568709,1.966958,0.640885,1.142118,3.972184,-0.37165,1.123608,0.319732,-0.37165,0.705562,3.633294,-0.286161,0.847937,0.694812,-0.286161,0.528923,3.39102,-0.254515,0.936455,0.617812,-0.254515,,,,,,,0.03307,0.034971,0.038626,0.038764,0.039389,0.042184,0.039594,0.040804,0.043099,0.03735,0.038354,0.040476,,,,0.140249,0.406445,-0.234953,13.153846,-0.005165,12.931251,-0.000624,11.383699,,
2021-10-21,162.5,173.8,162.5,167.85,878397.0,93.498274,100.0,96.576525,103.292308,5.35,2.316367,11.3,-0.150331,1.564703,1.576464,0.888044,2.419406,1.576464,1.274905,3.964435,0.262701,1.023089,0.170577,0.262701,0.735097,3.640401,0.434367,0.819467,0.636122,0.434367,0.564794,3.390762,0.516572,0.907333,0.578223,0.516572,,,,,,,0.03563,0.037503,0.041814,0.039494,0.040135,0.043109,0.039921,0.041148,0.043499,0.037498,0.038526,0.040681,,,,0.711378,0.946519,-0.24157,12.990577,-0.001047,12.987242,-0.000653,11.381942,,
2021-10-22,171.0,182.0,163.95,179.0,1066489.0,93.956044,104.300091,98.351648,109.179628,8.0,6.642836,18.05,1.255068,3.391529,1.588595,1.215432,1.211882,1.588595,1.380032,4.081725,1.289358,0.954602,-0.178253,1.289358,0.96787,3.638575,1.559667,0.794562,0.413758,1.559667,0.627757,3.444698,1.746185,0.866041,0.389598,1.746185,,,,,,,0.044383,0.047627,0.050378,0.041551,0.042616,0.045289,0.039502,0.040961,0.043069,0.037953,0.039035,0.041171,,,,1.999863,1.203076,-0.113326,15.40043,-0.001181,12.974151,0.002826,11.74063,,
2021-10-25,180.0,183.9,171.0,173.0,1039009.0,97.879282,105.263158,94.072866,101.169591,7.0,-3.351955,12.9,0.994051,3.74136,-1.161611,0.763364,0.828797,-1.161611,1.335489,4.130419,-1.134859,0.916285,-0.215683,-1.134859,0.90346,3.68662,-1.154287,0.784865,0.330147,-1.154287,0.533557,3.423156,-1.135067,0.909185,0.528609,-1.135067,,,,,,,0.044751,0.048591,0.049687,0.042222,0.043309,0.04591,0.039352,0.040639,0.042437,0.037904,0.039085,0.04119,,,,0.087876,11.182777,-0.241575,14.266919,-0.014038,13.278302,0.003759,11.589047,,
2021-10-26,174.5,175.6,167.5,169.75,421165.0,99.373576,104.179104,96.668565,101.343284,4.75,-1.878613,8.1,0.678898,3.939059,-0.649269,0.908463,0.204174,-0.649269,1.295361,4.158881,-0.76318,0.914173,-0.245313,-0.76318,0.848336,3.707561,-0.73551,0.809125,0.309254,-0.73551,0.441283,3.361398,-0.690158,0.954563,0.728015,-0.690158,,,,,,,0.04302,0.046172,0.046963,0.042597,0.043703,0.046279,0.039388,0.040676,0.042397,0.03752,0.038755,0.040911,,,,-0.875726,10.879158,-0.325568,12.907154,-0.020647,13.382308,0.006456,11.151279,,
2021-10-27,175.5,195.9,144.1,169.75,13485421.0,89.586524,121.790423,86.651353,117.800139,5.75,0.0,51.8,0.745727,3.920366,-0.190219,0.841303,0.176514,-0.190219,0.970905,3.981714,-0.243841,1.182163,0.594154,-0.243841,0.79179,3.698311,-0.214095,0.859482,0.398047,-0.214095,0.459913,3.353651,-0.137138,0.947507,0.738935,-0.137138,,,,,,,0.091969,0.10591,0.103258,0.057215,0.063191,0.063319,0.046844,0.050429,0.051054,0.041747,0.044334,0.045748,,,,-1.315418,8.834764,-0.262066,12.777771,-0.017797,13.337997,0.004797,11.115332,,
2021-10-28,171.7,183.65,171.0,178.8,4295957.0,93.493057,100.409357,97.359107,104.561404,7.1,5.33137,12.65,1.348728,4.42211,0.90062,0.345066,-2.648348,0.90062,1.144131,4.096453,1.022162,1.014459,0.016034,1.022162,0.70637,3.536441,1.307812,0.774714,0.353216,1.307812,0.514993,3.388145,1.421538,0.899796,0.568493,1.421538,,,,,,,0.092194,0.105965,0.10306,0.057146,0.063105,0.063118,0.045554,0.04901,0.049794,0.041924,0.044496,0.045899,,,,0.072902,15.633417,-0.185628,14.796166,0.014461,12.212737,0.007306,11.320263,,
2021-10-29,177.4,196.8,172.15,191.8,6531994.0,90.142276,103.049666,97.45935,111.414464,14.4,7.270694,24.65,1.474299,4.614745,1.25606,0.418958,-2.421834,1.25606,0.99418,3.788115,1.656896,0.844749,-0.463599,1.656896,0.766875,3.623046,1.795125,0.774907,0.195645,1.795125,0.504109,3.364356,2.011257,0.881738,0.542312,2.011257,,,,,,,0.094892,0.107793,0.104254,0.057577,0.0639,0.063598,0.045958,0.049613,0.049921,0.042144,0.044744,0.046073,,,,2.845528,0.842639,0.045983,13.56202,0.038574,12.554065,0.016073,10.990447,,
2021-11-01,196.8,205.0,196.6,201.35,3950493.0,96.0,100.101729,98.219512,102.416073,4.55,4.979145,8.4,3.140519,3.882437,0.473575,-0.50003,-2.182834,0.473575,0.790017,3.422807,1.223886,0.670544,-0.854259,1.223886,0.921252,3.635011,1.116336,0.686646,0.034059,1.116336,0.579614,3.37933,1.301894,0.833364,0.42321,1.301894,,,,,,,0.093538,0.106521,0.103767,0.056577,0.063118,0.062812,0.045848,0.049463,0.049927,0.042134,0.044747,0.046158,,,,2.098621,3.250232,0.230304,9.366253,0.039898,12.617541,0.016867,11.06861,,
2021-11-02,204.4,217.7,199.2,211.0,2153461.0,93.890675,102.610442,96.92237,105.923695,6.6,4.79265,18.5,4.474772,2.689329,0.1182,-1.434316,3.056085,0.1182,0.762255,3.385946,1.190331,0.673976,-0.804788,1.190331,1.10009,3.600257,1.025638,0.63718,-0.05356,1.025638,0.654772,3.388698,1.221082,0.787915,0.324526,1.221082,,,,,,,0.095694,0.109056,0.106199,0.05728,0.064019,0.06346,0.046241,0.049971,0.050386,0.042307,0.044944,0.046309,,,,0.923307,4.080999,0.359451,6.595331,0.036589,12.423815,0.017368,11.117083,,
2021-11-03,211.0,211.95,198.0,201.7,1451985.0,99.551781,106.565657,95.163954,101.868687,9.3,-4.407583,13.95,3.593255,4.580318,-1.746787,-1.963358,4.199446,-1.746787,0.681068,3.493215,-1.456724,0.56287,-0.795468,-1.456724,1.026235,3.675341,-1.478453,0.592747,-0.138417,-1.478453,0.596053,3.425206,-1.460828,0.78206,0.286272,-1.460828,,,,,,,0.051854,0.053429,0.05353,0.057805,0.064473,0.063895,0.046209,0.049829,0.050167,0.042484,0.045088,0.046431,,,,-2.195595,7.142175,0.229605,9.839536,0.019185,13.161318,0.014852,11.430925,,
2021-11-04,202.6,206.25,198.0,199.5,215285.0,98.230303,102.323232,96.727273,100.757576,3.1,-1.090729,8.25,2.308835,4.862798,-0.699096,-0.673042,-1.598669,-0.699096,0.574594,3.51413,-0.473893,0.646351,-0.766342,-0.473893,0.99722,3.686418,-0.56639,0.608116,-0.152123,-0.56639,0.596182,3.425142,-0.492508,0.782018,0.286384,-0.492508,,,,,,,0.049412,0.05119,0.050949,0.057661,0.064266,0.063733,0.046139,0.049722,0.050034,0.042464,0.04507,0.046383,0.037807,0.039884,,-2.610957,5.283251,0.209941,10.266152,0.012573,13.284963,0.01282,11.477345,,
2021-11-08,199.5,211.55,197.25,202.3,1900210.0,94.303947,101.140684,95.627511,102.560203,2.8,1.403509,14.3,1.135398,3.996938,0.067079,-0.493399,-1.310821,0.067079,0.803147,3.404887,0.176324,0.564956,-0.722649,0.176324,1.039639,3.678479,0.098919,0.578205,-0.156717,0.098919,0.625667,3.419209,0.227492,0.762363,0.280428,0.227492,0.431013,3.192983,0.304573,1.084593,1.409041,0.304573,0.03877,0.042131,0.043732,0.058036,0.064951,0.064454,0.046431,0.050084,0.050417,0.042575,0.045224,0.046524,0.037906,0.04001,0.041902,-1.303465,9.382366,0.162696,10.133462,0.00933,13.242458,0.012001,11.454065,0.00488,10.064778
2021-11-09,206.5,214.45,200.05,210.65,1592135.0,96.292842,103.224194,98.228025,105.298675,4.15,4.127533,14.4,0.965076,3.805768,0.830964,-0.574369,-1.053707,0.830964,1.061174,3.453606,0.887872,0.352801,-0.998254,0.887872,1.149488,3.687206,0.80767,0.499363,-0.248778,0.80767,0.619428,3.412166,1.028117,0.765612,0.303144,1.028117,0.462503,3.198249,1.145949,1.059976,1.343553,1.145949,0.041538,0.045748,0.04621,0.058176,0.065083,0.064679,0.046666,0.050368,0.050739,0.042593,0.045306,0.046617,0.037965,0.040113,0.041995,0.448086,11.185533,0.181196,10.239359,0.010706,13.299711,0.016582,11.297326,0.00504,10.092994
2021-11-10,209.3,222.0,207.2,219.15,1976861.0,94.279279,101.013514,98.716216,105.767375,9.85,4.035129,14.8,0.813572,3.626142,0.888426,-0.692132,-0.880539,0.888426,1.397752,3.395659,0.776691,0.158163,-1.044654,0.776691,1.227748,3.706432,0.757435,0.436124,-0.344043,0.757435,0.687661,3.411558,0.981214,0.725403,0.242688,0.981214,0.498642,3.197575,1.10599,1.041057,1.297672,1.10599,0.038727,0.041168,0.041838,0.058419,0.065182,0.064789,0.046979,0.050612,0.050958,0.042685,0.045394,0.046688,0.03799,0.040142,0.042007,2.210369,0.747664,0.16435,10.05586,0.01498,13.416153,0.016546,11.294218,0.005022,10.089303
2021-11-11,220.3,229.1,215.35,221.4,2365649.0,96.158883,102.298584,96.639022,102.80938,1.1,1.026694,13.75,1.900427,2.206485,-0.395984,-0.262877,-1.352104,-0.395984,1.356715,3.394898,-0.097211,0.198352,-1.031784,-0.097211,1.249908,3.701755,-0.0603,0.420008,-0.341135,-0.0603,0.710342,3.406139,0.092877,0.710369,0.242881,0.092877,0.50126,3.197793,0.164312,1.038386,1.293018,0.164312,0.037971,0.042065,0.04252,0.058486,0.065315,0.064397,0.047208,0.050925,0.051186,0.042815,0.045563,0.046816,0.038043,0.040211,0.042054,0.686647,2.951894,0.16615,10.031175,0.011301,13.402333,0.015578,11.283544,0.005101,10.088008
2021-11-12,216.0,219.9,205.6,210.95,1017554.0,98.226467,105.058366,95.929968,102.60214,5.05,-4.719964,14.3,1.17458,3.595921,-1.639231,-1.394734,2.094528,-1.639231,1.170453,3.625089,-1.624903,0.074853,-1.055687,-1.624903,1.054614,3.754665,-1.537974,0.457795,-0.290158,-1.537974,0.682215,3.439424,-1.570664,0.678957,0.201396,-1.570664,0.493789,3.208273,-1.625097,1.02138,1.273177,-1.625097,0.040592,0.045056,0.046396,0.058861,0.065737,0.064954,0.046754,0.050395,0.050702,0.042717,0.045438,0.046665,0.038067,0.040243,0.042107,-1.534778,5.633431,0.042212,12.424962,0.006548,13.806632,0.010766,11.614756,0.00376,10.194418
2021-11-15,210.9,214.0,191.6,195.75,1081087.0,98.551402,110.073069,91.471963,102.165971,15.15,-7.205499,22.4,-0.547221,5.173802,-1.286922,-0.498087,-2.429513,-1.286922,0.829386,4.072355,-1.973032,-0.172914,-0.817937,-1.973032,0.837692,3.912219,-2.055915,0.37191,-0.207597,-2.055915,0.534596,3.458144,-2.238223,0.595477,0.347802,-2.238223,0.468106,3.249189,-2.361698,0.942185,1.250988,-2.361698,0.04665,0.04846,0.04858,0.060526,0.067103,0.066038,0.047547,0.051047,0.051264,0.042581,0.04538,0.046551,0.038334,0.040476,0.042312,-3.142116,1.668801,-0.101991,15.408997,-0.006555,14.990403,0.010246,11.751687,0.002225,10.487947
2021-11-16,198.5,198.5,189.0,191.45,653825.0,100.0,105.026455,96.448363,101.296296,7.05,-2.196679,9.5,-1.812064,4.470491,-0.086034,0.192391,-1.266426,-0.086034,0.821896,4.078057,-0.740199,-0.169443,-0.830667,-0.740199,0.649514,3.82465,-0.744171,0.442884,-0.015376,-0.744171,0.520436,3.466473,-0.783827,0.599221,0.328852,-0.783827,0.435409,3.2429,-0.811647,0.966758,1.315378,-0.811647,0.044734,0.045114,0.045168,0.060163,0.066776,0.06553,0.047186,0.050842,0.051095,0.042511,0.045253,0.046435,0.038301,0.040444,0.0423,-2.069581,7.421902,-0.190635,14.590661,0.001917,14.33462,0.007827,11.845227,0.002411,10.44444
2021-11-17,191.4,192.95,187.2,188.05,282476.0,99.196683,102.24359,97.460482,100.45406,3.35,-1.775921,5.75,-2.974274,3.122465,0.383784,-0.203042,-0.26147,0.383784,0.748242,4.112597,-0.613764,-0.119049,-0.922597,-0.613764,0.616086,3.838653,-0.623137,0.460067,-0.04097,-0.623137,0.517169,3.468501,-0.661118,0.59995,0.324149,-0.661118,0.441997,3.237029,-0.685171,0.970819,1.33283,-0.685171,0.041519,0.04231,0.042537,0.059648,0.066163,0.064834,0.046885,0.050468,0.050626,0.042476,0.045216,0.046394,0.038237,0.040416,0.042245,-0.308194,7.609862,-0.245506,14.063698,-0.005637,14.433934,0.005269,11.887063,0.001549,10.417965
2021-11-18,189.2,189.2,179.1,180.5,509207.0,100.0,105.639308,95.401691,100.781686,8.7,-4.01489,10.1,-3.982591,2.17892,-0.014823,-0.702302,-0.121322,-0.014823,0.564205,4.243844,-1.078997,-0.045404,-1.142475,-1.078997,0.466005,3.870592,-1.157677,0.524901,-0.025314,-1.157677,0.485424,3.495474,-1.287469,0.59211,0.271842,-1.287469,0.432949,3.246979,-1.369839,0.959989,1.30637,-1.369839,0.040799,0.039227,0.039905,0.059694,0.065916,0.064633,0.046956,0.05043,0.050591,0.042559,0.045255,0.046411,0.038287,0.040442,0.042274,0.683973,2.862517,-0.330641,13.4747,-0.009497,14.663068,0.001754,12.093592,0.000485,10.489373
2021-11-22,180.9,180.95,164.65,166.8,566509.0,99.972368,109.86942,92.18016,101.3058,14.1,-7.590028,16.3,-4.556603,2.730073,-1.111115,-0.239503,-2.941797,-1.111115,0.068885,4.592377,-1.667745,-0.00546,-1.173733,-1.667745,0.444346,3.913203,-2.053145,0.46004,0.031563,-2.053145,0.384947,3.58156,-2.226677,0.516466,0.29152,-2.226677,0.392329,3.296152,-2.42172,0.881811,1.277612,-2.42172,0.044511,0.038887,0.038478,0.060354,0.065938,0.064532,0.047023,0.050409,0.050593,0.042832,0.045341,0.046513,0.038466,0.04052,0.04236,-0.258727,5.828761,-0.419464,14.185088,-0.045529,14.575212,-0.001848,12.696447,-0.000697,10.808674
2021-11-23,169.9,188.0,166.05,183.2,2027354.0,90.37234,102.318579,97.446809,110.328214,13.3,9.832134,21.95,-1.149077,6.55317,1.67571,1.528042,3.069297,1.67571,0.22835,4.879087,1.968357,0.211985,-0.805504,1.968357,0.596272,4.125856,2.238532,0.526071,-0.05934,2.238532,0.502292,3.696258,2.524132,0.54718,0.268195,2.524132,0.445917,3.361743,2.792069,0.895551,1.21199,2.792069,0.047024,0.04268,0.042636,0.061023,0.066265,0.064768,0.048109,0.051414,0.051564,0.04334,0.045787,0.046918,0.0388,0.04083,0.042647,1.824352,27.698706,-0.17619,21.583038,-0.019053,16.606639,0.002378,13.520986,0.000519,11.243912
2021-11-24,189.45,196.55,181.1,183.2,2353673.0,96.387688,104.610712,93.207835,101.15958,6.25,0.0,15.45,-0.709741,6.538998,0.10854,1.205406,2.058538,0.10854,0.395948,4.806662,-0.082375,0.129599,-0.691561,-0.082375,0.586395,4.126698,-0.142098,0.533165,-0.056384,-0.142098,0.462242,3.679581,-0.125623,0.579057,0.346233,-0.125623,0.442045,3.361809,-0.13149,0.898972,1.215874,-0.13149,0.050212,0.047596,0.049351,0.061231,0.066596,0.065561,0.048457,0.051782,0.052156,0.043554,0.046053,0.047269,0.038939,0.04099,0.04283,1.739887,28.152382,-0.235983,20.097174,-0.020707,16.599748,0.004202,13.389208,0.000502,11.24441
2021-11-25,183.45,188.8,177.55,186.7,938688.0,97.166314,103.323008,98.887712,105.153478,3.25,1.91048,11.25,0.027539,6.596303,0.285454,0.64037,0.509133,0.285454,0.585402,4.786925,0.276812,0.007336,-0.661601,0.276812,0.685679,4.096943,0.298955,0.484749,-0.033366,0.298955,0.481752,3.68206,0.388024,0.562321,0.324645,0.388024,0.434754,3.357007,0.439596,0.906478,1.245513,0.439596,0.052226,0.050513,0.052225,0.061458,0.066951,0.065904,0.048514,0.051877,0.052245,0.043512,0.046007,0.047193,0.038947,0.041013,0.042847,1.944077,27.250104,-0.250261,19.68645,-0.026506,16.302932,0.004758,13.403125,0.001162,11.208647
2021-11-26,182.9,185.0,170.6,175.2,643250.0,98.864865,107.209848,94.702703,102.696366,7.7,-6.159614,14.4,-0.401405,6.983275,-0.824571,0.638343,-0.238767,-0.824571,0.277422,5.019089,-1.282511,0.069336,-0.932618,-1.282511,0.542211,4.209279,-1.592155,0.462079,-0.135559,-1.592155,0.425022,3.740371,-1.760423,0.525343,0.254797,-1.760423,0.392235,3.386426,-1.934739,0.882718,1.21653,-1.934739,0.054627,0.05418,0.056179,0.046849,0.047693,0.048499,0.04888,0.052214,0.05263,0.043679,0.046178,0.047346,0.039059,0.041148,0.042783,-0.506083,38.500668,-0.355862,19.720995,-0.041809,16.999646,0.000226,13.850427,0.000466,11.409816
2021-11-29,176.0,184.55,157.2,181.4,1476121.0,95.367109,111.959288,98.293145,115.394402,5.4,3.538813,27.35,1.824363,5.791014,0.296054,0.007578,1.108303,0.296054,0.187794,4.939463,0.678418,0.087427,-0.820747,0.678418,0.606536,4.230376,0.693148,0.415239,-0.219256,0.693148,0.464893,3.752199,0.819232,0.493881,0.19526,0.819232,0.402387,3.392826,0.924429,0.872532,1.177519,0.924429,0.064786,0.071102,0.076131,0.050665,0.052958,0.05466,0.05071,0.054516,0.055316,0.044698,0.047494,0.048821,0.039638,0.041888,0.043616,-1.874626,19.800227,-0.229471,21.427528,-0.035296,17.278715,0.001546,13.936219,0.001104,11.449652
2021-11-30,181.0,188.9,181.0,185.9,972125.0,95.817893,100.0,98.411858,102.707182,4.9,2.480706,7.9,0.354077,3.86138,0.550743,-1.669724,2.848074,0.550743,-0.051706,4.687667,0.540228,0.077862,-0.562133,0.540228,0.676157,4.232035,0.426402,0.366346,-0.251503,0.426402,0.488881,3.75739,0.530109,0.473895,0.165153,0.530109,0.411488,3.395962,0.609317,0.863157,1.153183,0.609317,0.056718,0.063877,0.069807,0.047717,0.050063,0.052174,0.050689,0.054468,0.055269,0.044742,0.047531,0.048842,0.039668,0.041911,0.043643,0.658974,11.059711,-0.08488,20.63596,-0.034822,17.299406,0.002512,13.971547,0.001453,11.467858
2021-12-01,189.5,193.95,188.25,190.4,948325.0,97.705594,100.664011,98.169631,101.142098,0.9,2.420656,5.7,0.838208,3.956466,0.399965,-2.108172,4.580178,0.399965,-0.17963,4.57675,0.568151,0.108405,-0.353649,0.568151,0.718075,4.238858,0.40166,0.335171,-0.284783,0.40166,0.488548,3.757216,0.514239,0.474159,0.165881,0.514239,0.399535,3.384585,0.597155,0.872504,1.208275,0.597155,0.052893,0.059869,0.06509,0.047554,0.049945,0.051895,0.050597,0.054352,0.055211,0.044666,0.047431,0.04875,0.03957,0.041833,0.043595,0.966067,10.656327,0.029874,19.869632,-0.031577,17.400905,0.00485,13.955903,0.002416,11.378683
2021-12-02,190.0,190.0,180.95,182.45,823259.0,100.0,105.001382,96.026316,100.828958,7.55,-4.17542,9.05,-0.378972,4.449538,-0.853223,-0.67362,-2.61621,-0.853223,-0.628034,4.502675,-0.78784,0.327331,-0.122162,-0.78784,0.691401,4.265826,-1.140886,0.328657,-0.320213,-1.140886,0.435616,3.785441,-1.218097,0.487114,0.121608,-1.218097,0.373702,3.39973,-1.338083,0.871525,1.176626,-1.338083,0.051935,0.057808,0.063201,0.046498,0.048421,0.050548,0.050597,0.054295,0.055168,0.044746,0.04747,0.04879,0.039535,0.041749,0.043526,0.285023,15.676235,0.051301,19.172872,-0.051809,17.274341,0.002461,14.181223,0.001822,11.489304
2021-12-03,183.95,186.0,181.65,183.5,421549.0,98.897849,101.266171,98.655914,101.018442,0.45,0.5755,4.35,0.968051,3.06661,-0.128008,-1.627105,2.646988,-0.128008,-0.378879,4.41963,0.215941,0.195762,0.023037,0.215941,0.739194,4.250541,-0.038511,0.301431,-0.297023,-0.038511,0.453214,3.781923,0.032334,0.475041,0.123881,0.032334,0.368315,3.398546,0.060963,0.87697,1.188066,0.060963,0.047581,0.053699,0.059096,0.045701,0.047769,0.04996,0.050509,0.054226,0.055107,0.044713,0.047433,0.048761,0.039422,0.041615,0.043393,-1.258275,4.356766,0.008817,18.553891,-0.058218,16.999926,0.001562,14.157878,0.002045,11.478422
2021-12-06,180.0,186.0,173.4,182.4,974388.0,96.774194,103.806228,98.064516,105.190311,2.4,-0.599455,12.6,0.140397,2.74042,-0.269978,-1.134498,0.960937,-0.269978,-0.354316,4.41683,-0.055501,0.177834,0.02689,-0.055501,0.733992,4.252047,-0.313601,0.304617,-0.299384,-0.313601,0.464,3.777319,-0.281537,0.469667,0.132934,-0.281537,0.349057,3.393031,-0.279547,0.895218,1.233528,-0.279547,0.027622,0.029322,0.031605,0.046339,0.048625,0.050883,0.050764,0.054543,0.05545,0.04489,0.047657,0.048983,0.039491,0.041718,0.043503,-0.800548,4.726167,-0.005574,18.531936,-0.064009,16.865066,-0.000355,14.125351,0.002336,11.436916
2021-12-07,182.4,184.9,180.0,181.2,902027.0,98.647918,101.333333,97.998918,100.666667,1.2,-0.657895,4.9,-0.487323,2.409858,-0.070781,-0.725872,1.555023,-0.070781,-0.457386,4.397662,-0.045594,0.254555,0.112586,-0.045594,0.630028,4.220514,-0.305158,0.372134,-0.191254,-0.305158,0.456608,3.778798,-0.294936,0.474845,0.131811,-0.294936,0.36004,3.386159,-0.300616,0.895016,1.252357,-0.300616,0.026141,0.028305,0.03042,0.045519,0.04757,0.049784,0.050697,0.054507,0.055352,0.044891,0.047657,0.048978,0.039461,0.041703,0.043484,-0.258114,4.512688,0.017844,18.361868,-0.057963,16.756832,-0.001253,14.135214,0.001702,11.39908
2021-12-08,183.0,184.9,181.2,182.05,141009.0,98.972418,100.993377,98.458626,100.469095,0.95,0.469095,3.7,-0.877635,1.931731,0.697162,-1.752671,3.313567,0.697162,-0.640308,4.271181,0.259741,0.348955,0.527713,0.259741,0.688632,4.196994,-0.052308,0.343279,-0.152319,-0.052308,0.457239,3.778795,0.003137,0.474335,0.131493,0.003137,0.366438,3.385144,0.030326,0.890304,1.250546,0.030326,0.025469,0.027436,0.028621,0.044634,0.04647,0.048672,0.050571,0.054387,0.055266,0.044877,0.047638,0.04897,0.039411,0.04164,0.043434,0.805564,1.687403,0.103473,16.97484,-0.065911,16.357762,-0.001277,14.135141,0.001542,11.393979
2021-12-09,183.2,188.0,182.35,184.35,392379.0,97.446809,100.466137,98.058511,101.096792,1.15,1.263389,5.65,0.210127,0.82444,1.277548,0.037143,-1.911496,1.277548,-0.778895,4.154877,0.491539,0.41261,0.948754,0.491539,0.735421,4.189954,0.126008,0.311757,-0.148506,0.126008,0.473512,3.778727,0.209033,0.461383,0.123329,0.209033,0.376841,3.384686,0.261929,0.881663,1.241706,0.261929,0.023324,0.027049,0.028549,0.043854,0.045867,0.04818,0.050604,0.054446,0.055332,0.044868,0.047625,0.048962,0.039398,0.041631,0.043425,0.244433,0.424267,0.204492,15.00944,-0.068881,16.216546,-0.001295,14.134591,0.001498,11.391341
2021-12-10,183.5,187.35,182.85,184.7,192607.0,97.945023,100.355483,98.585535,101.011758,1.2,0.189856,4.5,0.132998,0.799371,0.071129,0.485258,-0.883577,0.071129,-0.820737,4.139923,0.244109,0.446686,1.033017,0.244109,0.609436,4.107308,-0.102154,0.368354,0.057851,-0.102154,0.41007,3.728875,-0.059056,0.487967,0.256655,-0.059056,0.364402,3.380757,-0.051629,0.89429,1.273906,-0.051629,0.023372,0.027054,0.028571,0.043182,0.044972,0.047441,0.049683,0.05356,0.054427,0.044548,0.047322,0.048683,0.039362,0.041592,0.043259,0.349991,0.266208,0.24684,14.256089,-0.056074,15.877786,0.002209,13.761396,0.001817,11.361369
2021-12-13,186.2,192.8,181.9,184.9,709486.0,96.576763,102.363936,95.90249,101.649258,1.3,0.108284,10.9,0.274546,0.692806,-0.239984,0.198421,1.301425,-0.239984,-0.579324,4.040153,0.170194,0.334458,1.31102,0.170194,0.574264,4.103849,-0.113547,0.395419,0.082838,-0.113547,0.378391,3.717719,-0.072654,0.51373,0.31102,-0.072654,0.311533,3.300317,-0.061585,0.854741,1.270289,-0.061585,0.020872,0.024256,0.025108,0.042945,0.044765,0.047037,0.049527,0.053475,0.054257,0.044642,0.047461,0.048806,0.038969,0.041245,0.042945,0.125312,0.352578,0.198545,14.195969,-0.054174,15.893577,0.003767,13.6714,0.003334,10.800586
2021-12-14,183.45,192.7,181.75,189.95,900816.0,95.199792,100.935351,98.572911,104.511692,6.5,2.731206,10.95,0.952366,1.094127,1.625808,1.431912,1.526844,1.625808,-0.082489,3.785362,0.743309,0.319278,1.769387,0.743309,0.423494,3.872328,0.595949,0.262406,0.069064,0.595949,0.434106,3.710738,0.619041,0.480023,0.300917,0.619041,0.327907,3.304174,0.727352,0.838815,1.234518,0.727352,0.025109,0.027716,0.028349,0.041055,0.043218,0.045705,0.048664,0.052847,0.053588,0.044749,0.047564,0.048889,0.038741,0.040922,0.04268,0.336912,0.730672,0.141215,12.949459,-0.025354,14.561154,0.003214,13.623272,0.003566,10.820594
2021-12-15,190.5,192.45,184.15,187.0,299859.0,98.98675,103.448276,97.168096,101.547651,3.5,-1.55304,8.3,0.547939,1.582258,-1.327836,0.143919,0.480214,-1.327836,-0.050307,3.769143,-0.398694,0.301803,1.842542,-0.398694,0.211185,3.674994,-0.480062,0.208274,0.155264,-0.480062,0.470587,3.672511,-0.55102,0.500365,0.364538,-0.55102,0.346566,3.282788,-0.578656,0.862505,1.283251,-0.578656,0.027225,0.029953,0.030003,0.040954,0.0433,0.045616,0.048207,0.052501,0.053097,0.044409,0.047243,0.048523,0.038635,0.040907,0.04263,-0.309151,1.811683,0.086825,13.24546,-0.008849,13.219165,-0.001382,13.350876,0.002439,10.702983
2021-12-16,185.15,188.35,181.0,181.9,208339.0,98.301035,102.292818,96.575524,100.497238,3.25,-2.727273,7.35,-0.250193,2.064233,-1.2,0.436834,0.233542,-1.2,-0.097875,3.79796,-0.692318,0.321743,1.714426,-0.692318,0.049682,3.621698,-0.766755,0.285045,0.315067,-0.766755,0.378437,3.635428,-0.85429,0.539695,0.486552,-0.85429,0.324272,3.28847,-0.927952,0.874062,1.281097,-0.927952,0.028077,0.030681,0.030746,0.041101,0.043492,0.045859,0.048067,0.052388,0.052918,0.04432,0.047219,0.048488,0.038583,0.040832,0.042544,-0.749558,2.28517,0.021336,13.688139,-0.003183,12.852251,0.000365,13.08406,0.002189,10.743993
2021-12-17,181.9,183.55,172.35,174.95,232231.0,99.101062,105.54105,95.314628,101.508558,6.95,-3.820781,11.2,-1.052321,2.568201,-1.077976,0.730115,-0.143826,-1.077976,-0.088169,3.787658,-0.985467,0.324981,1.752451,-0.985467,0.028943,3.641171,-1.057276,0.282781,0.268387,-1.057276,0.374452,3.639851,-1.152584,0.536989,0.477876,-1.152584,0.305404,3.301413,-1.249824,0.871102,1.246631,-1.249824,0.032119,0.034127,0.033711,0.04131,0.04392,0.046166,0.048268,0.052584,0.053087,0.044386,0.047314,0.048563,0.038634,0.040866,0.042551,-1.331661,1.729886,-0.093696,13.337133,-0.019229,12.915961,-0.004433,13.099657,0.001514,10.837183
2021-12-20,168.5,189.85,166.55,181.6,463984.0,88.75428,101.17082,95.654464,109.036325,13.1,3.801086,23.3,-0.31376,3.386142,1.215202,0.416493,-2.673446,1.215202,0.481386,3.440786,0.964808,0.566981,2.026281,0.964808,0.08419,3.677579,1.010691,0.250017,0.140913,1.010691,0.418694,3.654462,0.925551,0.502219,0.403088,0.925551,0.330795,3.3087,1.048838,0.848645,1.188176,1.048838,0.04499,0.045947,0.04822,0.043069,0.046408,0.04912,0.049344,0.053552,0.054297,0.045042,0.047945,0.049303,0.038998,0.041224,0.042962,-0.012798,9.172438,-0.156585,10.431803,-0.00788,13.241166,-0.003002,13.214033,0.001798,10.881988
2021-12-21,183.85,184.85,175.55,178.45,457100.0,99.459021,104.727998,96.537733,101.651951,5.4,-1.734581,9.3,-1.206918,2.942027,-0.179354,1.702351,3.364521,-0.179354,-0.096949,2.672726,-0.61272,-0.594759,-0.065794,-0.61272,0.112849,3.657249,-0.505142,0.242048,0.194008,-0.505142,0.439749,3.635694,-0.598051,0.506734,0.444518,-0.598051,0.338893,3.301611,-0.628019,0.852505,1.208846,-0.628019,0.044378,0.045391,0.048015,0.040312,0.043903,0.046917,0.049356,0.053623,0.054371,0.044924,0.047928,0.04922,0.038981,0.041189,0.042931,0.616528,6.164205,-0.040599,6.731484,-0.020123,13.023629,-0.006862,13.046853,0.000934,10.843224
2021-12-22,179.5,182.2,178.2,179.55,178372.0,98.518112,100.729517,98.545554,100.757576,0.05,0.616419,4.0,-0.773026,3.036673,0.457555,0.918402,-0.014948,0.457555,-0.066128,2.677452,0.254924,-0.628884,-0.055214,0.254924,0.145838,3.65414,0.12878,0.215165,0.19635,0.12878,0.453248,3.633799,0.044904,0.496503,0.444015,0.044904,0.282481,3.197859,0.104426,0.751893,0.956298,0.104426,0.043183,0.044066,0.046983,0.038898,0.042356,0.04491,0.049104,0.05331,0.054074,0.044846,0.047835,0.049142,0.038706,0.040873,0.042376,0.877358,5.837592,-0.028877,6.782587,-0.021745,12.987217,-0.007468,13.02598,0.002718,10.150545
2021-12-23,180.9,181.9,176.0,176.55,148979.0,99.450247,102.784091,97.058824,100.3125,4.35,-1.670844,5.9,-0.56174,2.900402,-0.382397,0.804083,0.4864,-0.382397,-0.245195,2.657988,-0.536364,-0.454799,-0.153331,-0.536364,0.166349,3.640714,-0.504624,0.207422,0.234196,-0.504624,0.436129,3.639788,-0.578872,0.506421,0.431814,-0.578872,0.286311,3.195043,-0.61256,0.75222,0.964742,-0.61256,0.042765,0.04325,0.046094,0.03827,0.041489,0.044134,0.04895,0.053124,0.053919,0.044828,0.047789,0.049057,0.038683,0.040845,0.042354,0.111521,6.704991,-0.020592,6.697557,-0.03298,12.763192,-0.00898,13.048388,0.002016,10.143704
2021-12-24,178.3,179.7,173.5,174.35,163033.0,99.220924,102.766571,97.022816,100.489914,3.95,-1.246106,6.2,-0.046805,2.35428,-0.509413,1.483152,1.62534,-0.509413,0.000481,2.283205,-0.545981,-0.066095,-0.630869,-0.545981,0.104479,3.637847,-0.371259,0.257724,0.261547,-0.371259,0.420386,3.643663,-0.457367,0.51702,0.426519,-0.457367,0.277356,3.196824,-0.476555,0.758891,0.964713,-0.476555,0.040396,0.040938,0.044345,0.036992,0.040175,0.042797,0.04879,0.05291,0.053501,0.044853,0.047804,0.049068,0.038701,0.040857,0.042367,-1.003065,2.421832,-0.128276,4.405251,-0.032186,12.753512,-0.010045,13.059445,0.001827,10.157462
2021-12-27,174.6,175.7,171.45,172.55,140196.0,99.373933,101.83727,98.207171,100.641586,2.05,-1.032406,4.25,-1.013504,0.956969,-0.019752,1.739433,3.204882,-0.019752,-0.22808,2.134303,-0.376857,0.004397,-0.36433,-0.376857,0.103725,3.638083,-0.312288,0.258259,0.260909,-0.312288,0.42724,3.640243,-0.400975,0.514149,0.434704,-0.400975,0.273097,3.198004,-0.408224,0.761752,0.963068,-0.408224,0.020937,0.021065,0.021997,0.030253,0.031635,0.033222,0.048681,0.052779,0.053359,0.044777,0.047735,0.048985,0.038679,0.040825,0.042337,-0.045817,0.728433,-0.087163,4.07487,-0.037553,12.67725,-0.012203,12.994764,0.001562,10.16796
2021-12-28,171.85,179.55,171.85,176.25,204490.0,95.711501,100.0,98.162072,102.560372,4.4,2.144306,7.7,-0.237726,1.589482,1.498622,1.003175,-0.484221,1.498622,-0.2449,2.113051,1.13069,-0.009369,-0.315867,1.13069,0.154294,3.64872,0.5454,0.216463,0.208735,0.5454,0.42413,3.638626,0.472754,0.516749,0.442312,0.472754,0.27771,3.200044,0.583303,0.756811,0.948956,0.583303,0.019615,0.019714,0.020666,0.030282,0.031695,0.033307,0.048734,0.05285,0.053355,0.044715,0.047656,0.04893,0.038364,0.040397,0.041994,0.369421,1.748219,-0.010502,4.23807,-0.033947,12.806913,-0.009954,13.024634,0.001985,10.175954
2021-12-29,177.15,180.9,175.9,177.85,191721.0,97.927032,100.710631,98.313986,101.108584,0.7,0.907801,5.0,-0.17945,1.633363,0.665652,0.830135,-1.444596,0.665652,-0.320543,2.038367,0.602612,-0.006877,-0.033323,0.602612,0.213388,3.636249,0.19097,0.172813,0.238607,0.19097,0.454735,3.629592,0.124826,0.498516,0.456955,0.124826,0.293201,3.195532,0.192331,0.747709,0.954792,0.192331,0.020146,0.020414,0.021309,0.030251,0.031656,0.033003,0.048433,0.052625,0.053005,0.044293,0.047157,0.048474,0.03833,0.040355,0.041942,0.85477,0.673036,0.048053,3.870414,-0.037564,12.663999,-0.011229,12.937141,0.001706,10.150661
2021-12-30,176.5,184.35,171.9,181.6,502473.0,95.741795,102.675974,98.508272,105.642816,5.1,2.108518,12.45,0.576423,1.645093,0.931312,-0.255582,-2.999896,0.931312,-0.006346,1.891946,1.117825,0.0509,-0.134136,1.117825,0.261615,3.645242,0.506661,0.133238,0.197706,0.506661,0.470009,3.633341,0.450965,0.485078,0.43418,0.450965,0.315627,3.192438,0.561606,0.7325,0.947026,0.561606,0.026079,0.027929,0.028036,0.030989,0.032877,0.034048,0.048475,0.052656,0.052979,0.044302,0.047136,0.048322,0.038371,0.040411,0.041989,0.864946,0.668804,0.021887,3.384556,-0.03437,12.776033,-0.01017,12.982982,0.001575,10.132435
2021-12-31,184.4,191.0,181.0,189.45,1298899.0,96.544503,101.878453,99.188482,104.668508,5.05,4.322687,10.0,1.690181,1.958055,1.344449,-0.124863,0.794474,1.344449,0.181013,2.123919,1.950015,0.235105,-0.315576,1.950015,0.354752,3.688939,1.075631,0.078095,0.060873,1.075631,0.530157,3.646947,1.039919,0.443476,0.361679,1.039919,0.346837,3.200979,1.242073,0.70879,0.887278,1.242073,0.028281,0.030468,0.030882,0.03166,0.033544,0.03478,0.048488,0.052631,0.052995,0.044265,0.04709,0.048288,0.038406,0.040459,0.042038,1.06744,0.788329,0.092918,3.998409,-0.026273,13.192356,-0.009191,13.09683,0.001836,10.183796
2022-01-03,190.0,195.0,189.5,191.4,458279.0,97.435897,100.263852,98.153846,101.002639,1.4,1.029295,5.5,2.102522,1.370227,-0.783247,1.296033,1.808404,-0.783247,0.262451,2.123644,0.361098,0.113934,-0.347088,0.361098,0.32901,3.67945,0.190323,0.097474,0.095358,0.190323,0.532054,3.647159,0.136337,0.441827,0.359921,0.136337,0.366781,3.192691,0.20751,0.701081,0.904217,0.20751,0.028559,0.030933,0.031658,0.03047,0.032016,0.033221,0.048212,0.052351,0.052655,0.044261,0.047084,0.048282,0.038312,0.040429,0.041944,0.118486,1.47394,0.092713,3.998564,-0.019882,13.185264,-0.008707,13.10558,0.001439,10.1354
2022-01-04,192.0,195.0,185.0,187.6,351823.0,98.461538,103.783784,96.205128,101.405405,4.4,-1.985371,10.0,1.276586,2.280809,-1.430175,-0.208385,1.229517,-1.430175,0.196077,2.174069,-1.003394,0.147789,-0.538246,-1.003394,0.156446,3.578229,-0.598569,0.134266,0.276257,-0.598569,0.562158,3.613338,-0.705035,0.462265,0.418289,-0.705035,0.363003,3.195036,-0.735007,0.70173,0.897209,-0.735007,0.029613,0.032399,0.032437,0.031071,0.032661,0.033765,0.047599,0.051684,0.051956,0.043738,0.046632,0.047707,0.038319,0.040448,0.041929,-0.686557,3.218952,0.046069,4.41968,-0.009865,12.527378,-0.013553,12.772592,0.000848,10.154816
2022-01-05,185.7,189.9,182.1,184.2,359089.0,97.78831,101.976936,96.99842,101.153213,1.5,-1.812367,7.8,0.732553,2.680211,-0.949522,0.267153,-1.550871,-0.949522,0.082004,2.218392,-0.853938,0.267164,-0.676373,-0.853938,0.187238,3.553964,-0.562641,0.126796,0.346962,-0.562641,0.545349,3.620499,-0.651213,0.470904,0.401527,-0.651213,0.315594,3.156188,-0.674219,0.708853,0.989454,-0.674219,0.030776,0.033811,0.033941,0.03146,0.033162,0.034216,0.047331,0.051455,0.051763,0.043525,0.046364,0.047318,0.038129,0.040286,0.041778,-1.414983,1.742473,0.021688,4.659562,-0.02309,12.267019,-0.015384,12.779734,0.001625,9.902917
2022-01-06,184.2,184.75,181.0,181.65,172822.0,99.7023,101.767956,98.322057,100.359116,2.55,-1.384365,3.75,0.033976,2.687105,-0.527832,1.341906,0.908931,-0.527832,-0.050384,2.22318,-0.600033,0.438628,-0.593201,-0.600033,0.197123,3.548784,-0.445642,0.120994,0.364396,-0.445642,0.52273,3.625465,-0.526028,0.486509,0.395674,-0.526028,0.326943,3.145907,-0.543979,0.714292,1.019179,-0.543979,0.024996,0.027276,0.027842,0.031313,0.032924,0.033922,0.047193,0.051322,0.051626,0.043466,0.046306,0.047225,0.038066,0.040246,0.041734,-1.425577,1.71189,0.019394,4.682898,-0.031847,12.13078,-0.016329,12.790385,0.000772,9.845257
2022-01-07,183.0,184.3,177.5,178.6,207787.0,99.294628,103.098592,96.907216,100.619718,4.4,-1.679053,6.8,-1.166372,1.246935,-0.411153,2.06769,4.376704,-0.411153,-0.143829,2.251646,-0.681823,0.53842,-0.623389,-0.681823,0.163542,3.558618,-0.517784,0.146373,0.332411,-0.517784,0.477666,3.624537,-0.595033,0.519985,0.424898,-0.595033,0.327429,3.145588,-0.637872,0.714242,1.020199,-0.637872,0.022763,0.024632,0.024666,0.031549,0.033074,0.034053,0.03946,0.041339,0.042731,0.04331,0.046109,0.047064,0.038038,0.040211,0.041704,-0.481569,0.78006,-8e-05,4.816414,-0.036744,12.129322,-0.01624,12.786129,0.000156,9.845166
2022-01-10,178.6,182.4,178.6,180.6,176971.0,97.916667,100.0,99.013158,101.119821,2.0,1.119821,3.8,-1.148267,1.286805,1.762573,2.077755,4.414329,1.762573,-0.093252,2.268902,0.534652,0.461934,-0.759118,0.534652,0.079311,3.482837,0.298754,0.162721,0.550812,0.298754,0.392841,3.506159,0.207344,0.466913,0.475635,0.207344,0.328873,3.145886,0.251423,0.712707,1.017336,0.251423,0.02216,0.023744,0.023565,0.030696,0.03192,0.032965,0.039033,0.040917,0.042292,0.042419,0.045145,0.046183,0.037981,0.040139,0.041643,0.63437,0.519844,0.021953,4.874494,-0.021838,11.788237,-0.010329,12.081329,0.00035,9.846709
2022-01-11,181.55,182.9,177.4,178.55,126023.0,99.261892,102.339346,97.621651,100.648253,3.0,-1.135105,5.5,-0.978214,1.201906,-0.130536,1.97733,4.057087,-0.130536,-0.286568,2.178494,-0.389506,0.684629,-0.233178,-0.389506,-0.088805,3.32806,-0.314387,0.128974,0.805798,-0.314387,0.339035,3.487676,-0.422671,0.506847,0.567355,-0.422671,0.326591,3.146786,-0.464504,0.713949,1.014987,-0.464504,0.018931,0.019999,0.020334,0.029956,0.03122,0.032318,0.037431,0.039362,0.040932,0.041912,0.044782,0.045636,0.037977,0.040132,0.041635,0.385871,0.857869,0.051666,4.419785,-0.007084,10.844015,-0.008901,11.976223,-2e-05,9.852752
2022-01-12,178.55,180.85,177.65,179.15,112818.0,98.728228,100.506614,99.059994,100.844357,0.6,0.33604,3.2,-0.548532,1.213119,0.729172,0.724719,-1.882384,0.729172,-0.192114,2.16158,0.244337,0.568232,-0.274915,0.244337,-0.181667,3.247569,0.159414,0.147443,1.093161,0.159414,0.369793,3.473785,-0.009716,0.493022,0.600954,-0.009716,0.322659,3.146278,0.004253,0.718,1.021243,0.004253,0.015953,0.016128,0.016146,0.029463,0.030667,0.031839,0.037293,0.03923,0.040627,0.04179,0.04464,0.045503,0.037965,0.040117,0.04162,0.398476,0.85976,0.040564,4.384096,0.006327,10.327433,-0.010769,11.849877,0.000101,9.849537
2022-01-13,179.15,181.85,177.65,178.75,300583.0,98.51526,100.844357,98.295298,100.619195,0.4,-0.223277,4.2,-0.316315,1.120734,0.083015,0.047602,-1.397504,0.083015,-0.066914,2.077911,-0.07525,0.544779,-0.068709,-0.07525,-0.281986,3.167253,0.018536,0.175607,1.421705,0.018536,0.409052,3.444256,-0.183589,0.494143,0.673192,-0.183589,0.330954,3.142621,-0.176359,0.714238,1.031222,-0.176359,0.016234,0.01695,0.017048,0.029143,0.030339,0.031455,0.036576,0.038384,0.039866,0.04169,0.044555,0.045419,0.037951,0.040116,0.041615,0.212777,0.914288,9e-05,4.101827,0.018411,9.760274,-0.01386,11.584201,-0.000313,9.826358
2022-01-14,178.1,204.55,178.1,202.0,5227208.0,87.069176,100.0,98.753361,113.419427,23.9,13.006993,26.45,2.620894,5.863908,1.771191,2.1265,4.615642,1.771191,0.774475,3.439043,3.556954,2.576542,8.296349,3.556954,0.066306,3.628274,3.566623,0.891642,3.165222,3.566623,0.54627,3.665274,3.39967,0.714195,1.221101,3.39967,0.398202,3.267409,3.858958,0.869562,1.54067,3.858958,0.039302,0.029732,0.029686,0.03352,0.031996,0.033334,0.037983,0.038883,0.040433,0.042296,0.044692,0.04555,0.038385,0.040309,0.041806,2.468617,15.32019,0.127588,10.694402,0.039576,12.574915,-0.007057,13.258391,0.001463,10.615449
2022-01-17,202.0,209.7,201.05,204.55,2288959.0,96.328088,100.472519,97.544111,101.74086,2.55,1.262376,8.65,2.649406,5.855125,-0.236891,2.113553,4.565519,-0.236891,0.647539,3.36756,0.182576,2.827557,9.801562,0.182576,0.113368,3.628221,0.316686,0.852595,3.116486,0.316686,0.555294,3.665922,0.19288,0.706359,1.210789,0.19288,0.400808,3.267891,0.263646,0.866848,1.53516,0.263646,0.040505,0.031852,0.031991,0.029093,0.02729,0.027834,0.037993,0.038905,0.040477,0.042262,0.044642,0.045496,0.038372,0.040326,0.041695,1.746592,21.324826,0.182347,9.667867,0.039556,12.574855,-0.006745,13.266685,0.001643,10.616718
2022-01-18,205.05,212.8,196.1,199.95,1121412.0,96.358083,104.563998,93.961466,101.963284,5.1,-2.248839,16.7,2.426659,6.052936,-0.772435,1.978173,4.179671,-0.772435,0.621826,3.388604,-0.847153,2.784297,9.598084,-0.847153,0.040321,3.638468,-0.629155,0.901394,3.125255,-0.629155,0.53998,3.674481,-0.758969,0.71004,1.186528,-0.758969,0.388583,3.27323,-0.805755,0.87124,1.520766,-0.805755,0.045335,0.039518,0.039109,0.030312,0.029155,0.029355,0.038162,0.03909,0.040551,0.042498,0.044925,0.04574,0.038502,0.040483,0.041834,-0.368411,29.038977,0.103357,10.553302,0.037158,12.68615,-0.009182,13.29654,0.001217,10.655527
2022-01-19,200.45,201.9,193.35,196.85,566868.0,99.281823,103.672097,97.498762,101.810189,3.6,-1.550388,8.55,2.049373,6.270698,-0.574061,1.989588,4.088528,-0.574061,0.513486,3.423247,-0.602899,2.791208,9.514254,-0.602899,-0.073237,3.596666,-0.4107,0.998853,3.516677,-0.4107,0.538125,3.675499,-0.568226,0.710534,1.183629,-0.568226,0.382544,3.275699,-0.590082,0.873862,1.514191,-0.590082,0.046554,0.041141,0.04069,0.03072,0.029634,0.029774,0.037881,0.038716,0.04013,0.042501,0.044921,0.045732,0.038529,0.04051,0.041859,-1.791005,25.041927,0.07224,10.95917,0.043425,12.284593,-0.011578,13.262495,0.000817,10.674325
2022-01-20,196.85,201.15,193.6,195.7,363701.0,97.862292,101.678719,97.290579,101.084711,1.15,-0.584201,7.55,1.977188,6.305382,-0.406223,2.003331,4.112964,-0.406223,0.567818,3.395263,-0.339302,2.821045,9.713204,-0.339302,-0.165624,3.54798,-0.117976,1.088861,3.969605,-0.117976,0.531062,3.676985,-0.303309,0.715275,1.182511,-0.303309,0.379869,3.276271,-0.294258,0.875759,1.513955,-0.294258,0.04726,0.042214,0.04169,0.03083,0.029972,0.030039,0.037566,0.038497,0.039927,0.042533,0.044965,0.045765,0.038543,0.040528,0.041876,-2.999515,13.812089,0.02207,10.935225,0.052284,11.767134,-0.012497,13.254877,0.000608,10.679053
2022-01-21,197.0,212.5,196.1,202.35,3444309.0,92.705882,100.45895,95.223529,103.187149,5.35,3.398058,16.4,0.055401,2.287319,1.461386,0.782379,-0.603151,1.461386,0.800026,3.423371,0.75891,2.567405,8.412928,0.75891,-0.118197,3.579949,0.982208,1.038732,3.678618,0.982208,0.565856,3.687578,0.768039,0.685135,1.110013,0.768039,0.403002,3.281188,0.912796,0.855013,1.465188,0.912796,0.036274,0.040981,0.041878,0.03232,0.03201,0.032419,0.037816,0.038767,0.040357,0.042771,0.045256,0.046079,0.038662,0.040668,0.04202,0.5936,3.480741,0.033861,11.095373,0.063589,11.717653,-0.011165,13.358376,0.000816,10.710144
2022-01-24,203.55,205.1,184.5,187.3,751300.0,99.244271,110.325203,91.321307,101.517615,16.25,-7.437608,20.6,-1.684596,3.888373,-1.479542,-0.410721,1.647699,-1.479542,0.479766,3.873795,-2.043829,1.492016,5.777299,-2.043829,-0.17255,3.670721,-1.979191,0.883181,3.3867,-1.979191,0.441032,3.745249,-2.103636,0.637822,1.140361,-2.103636,0.361336,3.327484,-2.343796,0.791342,1.418452,-2.343796,0.044676,0.045822,0.046114,0.035154,0.03404,0.034398,0.038448,0.038994,0.040473,0.042803,0.045057,0.045864,0.038914,0.040837,0.042176,-0.542909,11.506054,-0.112753,13.833256,0.035097,12.948191,-0.013205,13.741318,-0.00028,11.016528
2022-01-25,184.95,220.75,174.05,214.3,6990365.0,83.782559,106.262568,97.078143,123.125539,29.35,14.415376,46.7,1.648248,8.121411,1.572033,1.005351,1.632149,1.572033,1.09332,4.968432,2.68134,1.581534,3.282764,2.68134,0.259868,4.076392,3.472558,1.39557,3.993216,3.472558,0.54878,3.985512,3.479251,0.885476,1.721455,3.479251,0.433906,3.472512,4.026328,0.969448,2.022257,4.026328,0.074763,0.073853,0.07246,0.047117,0.046004,0.045515,0.042398,0.042879,0.044005,0.045046,0.04714,0.047764,0.040188,0.042019,0.043249,2.507812,40.187614,0.11261,23.029409,0.052198,15.717229,-0.002965,15.718138,0.001748,11.987859
2022-01-27,212.45,231.7,202.6,207.85,5900855.0,91.691843,104.861797,89.706517,102.591313,4.6,-3.009799,29.1,1.356365,8.289593,-0.526704,1.071549,1.386403,-0.526704,0.89744,5.052643,-0.773306,1.601748,3.165073,-0.773306,0.243605,4.087997,-0.795843,1.389885,3.942283,-0.795843,0.446559,3.943749,-0.876414,0.935978,1.945057,-0.876414,0.421078,3.480501,-0.985742,0.969121,1.995316,-0.985742,0.082181,0.084003,0.083632,0.050306,0.05038,0.050165,0.043706,0.044733,0.04586,0.045479,0.047885,0.048537,0.040582,0.042531,0.043769,0.616612,54.213467,0.051064,24.166037,0.038488,16.068994,-0.00104,15.396726,0.001102,12.049275
2022-01-28,209.8,218.5,201.15,207.6,1478567.0,96.018307,104.300273,95.011442,103.206562,2.2,-0.120279,17.35,1.44915,8.265003,-0.189888,1.028025,1.353816,-0.189888,0.786,5.049103,-0.179493,1.677416,3.362695,-0.179493,0.276718,4.077999,-0.097351,1.377325,3.962144,-0.097351,0.446402,3.943772,-0.14369,0.936082,1.945098,-0.14369,0.417502,3.480689,-0.154504,0.972058,1.9983,-0.154504,0.08451,0.087114,0.086473,0.050655,0.050995,0.050688,0.044193,0.045408,0.046449,0.045559,0.048005,0.048571,0.040727,0.04272,0.043932,-0.260887,54.512092,0.055648,24.115807,0.032687,16.074974,-0.001711,15.395364,0.001047,12.050967
2022-01-31,210.5,216.65,200.0,203.0,792507.0,97.16132,105.25,93.699515,101.5,7.5,-2.2158,16.65,0.326378,8.315221,-0.305726,1.648731,3.295713,-0.305726,0.459075,5.019648,-0.532881,1.891578,4.091341,-0.532881,0.3127,4.04718,-0.624756,1.401628,4.102112,-0.624756,0.389353,3.940573,-0.66111,0.974762,2.017337,-0.66111,0.426877,3.470998,-0.761359,0.980943,2.030992,-0.761359,0.084486,0.086816,0.085485,0.051275,0.051738,0.05134,0.044468,0.045855,0.04686,0.045729,0.048197,0.04875,0.040807,0.042828,0.044032,-0.409204,54.979425,0.068607,23.780517,0.016312,15.996661,-0.001448,15.371089,-2.5e-05,11.987585
2022-02-01,204.7,214.0,201.15,206.1,1064635.0,95.654206,101.764852,96.308411,102.46085,1.4,1.527094,12.85,2.119318,7.100364,-0.083408,1.898726,3.768703,-0.083408,0.483965,5.023857,0.207635,1.87079,4.01994,0.207635,0.495043,3.886037,0.265579,1.616019,4.651103,0.265579,0.469694,3.879982,0.272527,1.015887,2.146732,0.272527,0.427318,3.471133,0.316835,0.98048,2.029709,0.316835,0.081279,0.085623,0.084483,0.051802,0.052463,0.05203,0.044054,0.045853,0.046831,0.045563,0.048185,0.048736,0.04087,0.042911,0.044096,-2.498257,27.849561,0.092868,23.690415,-0.000185,14.799248,-0.004952,14.883285,0.000291,11.988236
2022-02-02,207.0,215.0,207.0,210.0,924360.0,96.27907,100.0,97.674419,101.449275,3.0,1.892285,8.0,-0.3853,2.188242,1.040829,-0.21408,-2.604961,1.040829,0.677848,4.998303,0.24297,1.778623,3.818571,0.24297,0.336246,3.651874,0.426094,1.729086,6.193072,0.426094,0.466259,3.878554,0.36767,1.019256,2.157941,0.36767,0.418289,3.464925,0.425405,0.989769,2.072715,0.425405,0.051329,0.059039,0.060027,0.05157,0.052205,0.051919,0.042895,0.044777,0.045857,0.045577,0.04821,0.048782,0.040781,0.042813,0.044024,1.145154,1.207965,0.073998,23.551812,0.025969,12.929012,-0.003036,14.885068,0.001003,11.942325
2022-02-03,211.45,218.7,204.4,205.65,1621199.0,96.684957,103.449119,94.032922,100.611546,5.8,-2.071429,14.3,-0.197626,1.932132,-0.969811,-0.031205,-2.9015,-0.969811,0.664895,5.005426,-0.546671,1.777176,3.801593,-0.546671,0.294817,3.667482,-0.645196,1.736407,6.122859,-0.645196,0.440606,3.886844,-0.646292,1.030084,2.143271,-0.646292,0.41013,3.468875,-0.715379,0.99172,2.060286,-0.715379,0.040807,0.046031,0.046192,0.052059,0.052745,0.052506,0.042715,0.044569,0.045455,0.045676,0.04831,0.048908,0.040867,0.04291,0.044124,0.020579,2.985659,-0.004597,23.800874,0.019481,13.102387,-0.004527,14.939405,0.000502,11.972085
2022-02-04,208.0,213.0,205.65,209.9,891289.0,97.652582,101.142718,98.544601,102.066618,1.9,2.066618,7.35,0.239754,2.184997,0.836095,-0.575508,-3.270902,0.836095,0.837444,4.990525,0.246302,1.683189,3.590651,0.246302,0.29794,3.668952,0.482066,1.73224,6.101922,0.482066,0.491809,3.874052,0.406502,1.008185,2.149393,0.406502,0.426842,3.468763,0.472726,0.978352,2.041543,0.472726,0.035502,0.039495,0.040542,0.0522,0.052958,0.052751,0.0425,0.044303,0.045214,0.045607,0.048239,0.048845,0.040775,0.042787,0.044009,0.496631,3.326083,-0.016929,23.650542,0.027607,13.033275,-0.005679,14.831325,0.000495,11.971337
2022-02-07,208.5,210.95,205.5,208.0,385331.0,98.838587,101.459854,98.601564,101.216545,0.5,-0.905193,5.45,0.501875,1.87313,-0.751185,-0.775322,-2.049117,-0.751185,0.876137,4.972956,-0.358203,1.680217,3.623199,-0.358203,0.403028,3.553655,-0.368134,1.94067,6.861924,-0.368134,0.47262,3.876193,-0.355455,1.021163,2.1589,-0.355455,0.41834,3.469939,-0.381428,0.984489,2.044568,-0.381428,0.02913,0.033018,0.034329,0.052074,0.052893,0.052678,0.041998,0.043797,0.044664,0.045569,0.04819,0.048798,0.040759,0.042772,0.043984,-0.469024,2.366926,-0.081558,23.272606,0.008961,12.359171,-0.006193,14.842668,0.000352,11.979863
2022-02-08,206.6,215.9,205.65,209.4,883443.0,95.69245,100.46195,96.989347,101.823487,2.8,0.673077,10.25,0.331072,1.793518,0.19069,-0.482715,-1.877659,0.19069,0.8538,4.972807,-0.036342,1.69533,3.661518,-0.036342,0.345713,3.525042,0.092868,2.024171,7.318989,0.092868,0.476125,3.876214,0.05081,1.01838,2.154943,0.05081,0.421459,3.469886,0.072515,0.981819,2.041272,0.072515,0.027251,0.030543,0.032549,0.052406,0.053335,0.0532,0.039941,0.041112,0.041551,0.045645,0.048281,0.048908,0.040774,0.042789,0.043998,-0.127218,2.540998,-0.080611,23.276305,0.017276,12.11525,-0.006165,14.843123,0.000334,11.979537
2022-02-09,211.0,213.95,202.7,204.85,554238.0,98.621173,104.094721,95.74667,101.060681,6.15,-2.172875,11.25,-0.48196,1.829897,-0.924049,0.623458,-1.47186,-0.924049,0.801912,4.999992,-0.594958,1.69313,3.600012,-0.594958,0.252642,3.528954,-0.687319,2.087449,7.509595,-0.687319,0.4644,3.882494,-0.679273,1.019984,2.135945,-0.679273,0.407144,3.474675,-0.742521,0.988134,2.031407,-0.742521,0.029144,0.032082,0.033271,0.052746,0.053691,0.053535,0.04004,0.04123,0.04164,0.045676,0.048305,0.04892,0.040766,0.042759,0.043969,-0.159643,2.627846,-0.155253,22.948484,0.016579,12.147207,-0.008633,14.86092,-1.2e-05,12.012996
2022-02-10,205.9,208.8,205.0,207.35,181218.0,98.611111,100.439024,99.305556,101.146341,1.45,1.220405,3.8,0.176406,1.702828,0.613097,-0.524664,-1.184364,0.613097,0.84613,4.999566,0.074862,1.664162,3.529074,0.074862,0.228637,3.51797,0.281915,2.123853,7.703268,0.281915,0.473356,3.883202,0.19238,1.012443,2.122391,0.19238,0.416673,3.474277,0.231338,0.980385,2.022677,0.231338,0.02332,0.025723,0.026641,0.05275,0.053688,0.053543,0.03999,0.04116,0.041485,0.045603,0.04821,0.048821,0.04076,0.042751,0.043962,-0.296011,2.144454,-0.156631,22.93015,0.024165,12.006986,-0.008269,14.871494,-5.6e-05,12.010236
2022-02-11,203.0,207.1,201.0,203.25,165103.0,98.02028,100.995025,98.140995,101.119403,0.25,-1.977333,6.1,-0.632384,1.532439,-0.877653,0.286696,-2.651259,-0.877653,0.758427,5.034575,-0.543394,1.678006,3.483445,-0.543394,0.272599,3.475288,-0.647409,2.201365,8.070804,-0.647409,0.482,3.876704,-0.634387,1.014558,2.143964,-0.634387,0.407032,3.478249,-0.685507,0.983786,2.011806,-0.685507,0.022789,0.02518,0.027479,0.052809,0.05377,0.053823,0.039856,0.041133,0.041553,0.045544,0.048166,0.048826,0.04077,0.042764,0.043998,-0.159695,1.827691,-0.213851,22.559001,0.008189,11.822107,-0.011734,14.76383,-0.000483,12.036945
2022-02-14,199.0,199.0,185.0,186.6,364934.0,100.0,107.567568,93.768844,100.864865,12.4,-8.191882,14.0,-2.089722,3.736506,-1.633119,-1.356729,2.035158,-1.633119,-0.301517,4.525966,-1.743355,1.493953,5.715811,-1.743355,0.097251,3.675129,-2.255467,1.750907,6.809833,-2.255467,0.418222,3.966287,-2.170822,0.89078,1.988892,-2.170822,0.364101,3.530995,-2.423108,0.903892,1.942397,-2.423108,0.02922,0.027898,0.031388,0.050388,0.052642,0.052814,0.040284,0.041324,0.041858,0.045684,0.048208,0.048922,0.040872,0.042806,0.044067,-1.753438,5.020094,-0.148314,18.728749,-0.010985,13.211308,-0.018278,15.295746,-0.001769,12.39516
2022-02-15,187.55,194.9,178.25,185.75,596013.0,96.228835,105.217391,95.305285,104.207574,1.8,-0.45552,16.65,-2.315441,3.557693,0.522789,-1.408745,2.617569,0.522789,-0.387412,4.511001,-0.015098,1.569911,5.982916,-0.015098,0.10013,3.674628,-0.151212,1.749247,6.809314,-0.151212,0.417061,3.966528,-0.219986,0.891476,1.988754,-0.219986,0.368454,3.529437,-0.233457,0.901846,1.946404,-0.233457,0.035474,0.036687,0.037709,0.051486,0.054106,0.054004,0.040557,0.041699,0.042062,0.045945,0.048548,0.049201,0.041033,0.04302,0.044246,-0.597758,9.411114,-0.125821,18.805292,-0.013992,13.192062,-0.019256,15.267046,-0.002146,12.379295
2022-02-16,194.9,199.85,190.45,193.15,937245.0,97.523142,102.336571,96.647486,101.417695,1.75,3.983849,9.4,-1.084096,4.547208,1.114518,-0.962308,1.475671,1.114518,-0.075777,4.590231,0.884406,1.317748,4.919731,0.884406,0.192964,3.713515,1.020835,1.641227,6.242125,1.020835,0.411496,3.961072,0.901865,0.895365,2.016494,0.901865,0.38688,3.538678,1.016473,0.884433,1.88114,1.016473,0.034862,0.03671,0.043369,0.050717,0.05319,0.05424,0.040699,0.041887,0.042773,0.04597,0.048608,0.049452,0.04107,0.043066,0.044416,0.70487,15.547995,-0.092766,19.730576,-0.006711,13.505012,-0.014638,15.354643,-0.001617,12.450922
2022-02-17,193.15,194.8,186.2,188.65,225467.0,99.152977,103.732546,96.842916,101.315789,4.5,-2.329795,8.6,-1.794136,4.371174,-0.122544,-0.332899,1.563627,-0.122544,-0.114748,4.606688,-0.480833,1.326942,4.857759,-0.480833,0.136987,3.730325,-0.661278,1.659453,6.184587,-0.661278,0.412809,3.960132,-0.692554,0.895503,2.019603,-0.692554,0.358109,3.53725,-0.759885,0.904639,1.917709,-0.759885,0.03658,0.038453,0.044656,0.050747,0.053188,0.05422,0.040843,0.042033,0.042877,0.045965,0.048604,0.049449,0.040941,0.042899,0.044229,1.147081,12.654142,-0.148249,19.429732,-0.01197,13.607178,-0.018008,15.255613,-0.001564,12.441422
2022-02-18,189.9,193.5,187.35,188.35,171676.0,98.139535,101.361089,97.338501,100.53376,1.55,-0.159025,6.15,-1.430475,4.427399,0.287178,-0.711208,1.608577,0.287178,-0.093489,4.605388,-0.01423,1.312741,4.837116,-0.01423,0.108538,3.726982,-0.071791,1.687179,6.27359,-0.071791,0.42198,3.957711,-0.146803,0.890572,2.023288,-0.146803,0.375308,3.526259,-0.15153,0.905501,1.9535,-0.15153,0.036727,0.038581,0.043942,0.050672,0.053083,0.054165,0.040853,0.042043,0.042883,0.045988,0.048641,0.049489,0.040771,0.042722,0.04407,1.419144,11.653548,-0.156294,19.336895,-0.009908,13.592141,-0.01925,15.198072,-0.002238,12.355637
2022-02-21,183.7,187.7,175.0,176.45,327337.0,97.86894,104.971429,94.006393,100.828571,7.25,-6.318025,12.7,-1.055703,3.737535,-1.407966,-0.150557,1.065853,-1.407966,-0.579293,4.728504,-1.213646,1.399638,4.817115,-1.213646,-0.021619,3.836123,-1.641346,1.553351,5.644032,-1.641346,0.293908,3.966604,-1.6669,0.896019,2.122124,-1.6669,0.338492,3.557529,-1.871107,0.879354,1.8814,-1.871107,0.036318,0.040518,0.045832,0.050397,0.052553,0.053647,0.041232,0.04241,0.043354,0.045653,0.048308,0.049191,0.040806,0.042731,0.044061,-1.586788,6.139542,-0.190087,20.039396,-0.02483,14.29313,-0.019577,15.257268,-0.003136,12.559955
2022-02-22,165.0,180.8,165.0,178.7,560962.0,91.261062,100.0,98.838496,108.30303,13.7,1.275149,15.8,-0.709569,3.884272,0.510963,-0.492667,0.221188,0.510963,-0.143655,4.456947,0.318335,1.561767,5.811525,0.318335,0.001718,3.840477,0.331581,1.529902,5.563731,0.331581,0.287991,3.964675,0.248988,0.901409,2.137646,0.248988,0.353981,3.554815,0.259132,0.869399,1.880204,0.259132,0.036702,0.034585,0.051376,0.049886,0.051977,0.055227,0.041665,0.042422,0.044419,0.045765,0.048266,0.049572,0.040952,0.042806,0.044383,-0.940563,10.30074,-0.271884,16.413292,-0.021461,14.358361,-0.018041,15.290272,-0.003322,12.536745
2022-02-23,180.0,187.55,177.1,179.65,339940.0,95.974407,101.637493,95.78779,101.439864,0.35,0.531617,10.45,-1.400016,3.061008,0.631045,-1.329155,1.301166,0.631045,-0.837843,2.867933,0.477508,-0.964718,1.383861,0.477508,-0.042274,3.821122,0.150189,1.581555,5.814631,0.150189,0.19061,3.834483,0.088932,0.892324,2.48251,0.088932,0.355134,3.554835,0.049646,0.868402,1.878943,0.049646,0.037639,0.036038,0.048271,0.039103,0.042312,0.047013,0.041654,0.042516,0.044548,0.045295,0.04796,0.049264,0.040958,0.042816,0.044369,0.7157,6.471362,-0.032358,7.778977,-0.01353,14.270834,-0.011846,14.439292,-0.003303,12.537297
2022-02-24,173.0,176.45,158.25,160.6,402212.0,98.044772,109.320695,91.017285,101.484992,12.4,-10.603952,18.2,-3.054847,5.187357,-1.455289,-0.935408,-1.183694,-1.455289,-1.217551,3.583968,-2.618997,-1.310016,1.674199,-2.618997,-0.223292,4.098472,-2.532813,1.057091,4.819249,-2.532813,-0.006053,3.878937,-2.732166,0.67188,2.706736,-2.732166,0.304115,3.63798,-2.998386,0.714,1.910054,-2.998386,0.046092,0.043537,0.056212,0.037655,0.039226,0.044625,0.042503,0.043204,0.045476,0.045444,0.048078,0.049422,0.041201,0.043025,0.044616,-1.404021,17.584387,-0.206167,10.789296,-0.042081,16.092756,-0.012882,14.757412,-0.005053,13.083618
2022-02-25,163.2,186.5,163.2,180.6,1004914.0,87.506702,100.0,96.836461,110.661765,17.4,12.4533,23.3,-0.532382,8.774072,1.480006,0.605488,0.406435,1.480006,-0.588872,4.711884,2.767931,0.403513,2.911422,2.767931,0.08032,4.455891,2.776769,1.102563,3.69282,2.776769,0.065001,4.039745,3.066604,0.819341,2.712916,3.066604,0.362112,3.737877,3.234775,0.785524,1.927899,3.234775,0.05774,0.052768,0.064033,0.040195,0.040208,0.045918,0.043858,0.044181,0.046487,0.046011,0.048458,0.049796,0.041556,0.043273,0.044882,2.566355,48.415123,0.006456,21.090372,-0.018386,19.387467,-0.002236,16.152181,-0.003157,13.868646
2022-02-28,178.0,178.85,173.55,176.0,267982.0,99.524741,102.564103,98.406486,101.411697,2.0,-2.547065,5.3,0.22181,8.301787,-0.333528,0.3941,1.520724,-0.333528,-0.605435,4.718482,-0.411495,0.411741,2.883581,-0.411495,0.105794,4.436733,-0.597931,1.109001,3.77371,-0.597931,0.067368,4.038128,-0.647437,0.81936,2.719441,-0.647437,0.367056,3.733346,-0.780566,0.78775,1.943572,-0.780566,0.055183,0.049995,0.061259,0.038944,0.038761,0.04479,0.043606,0.043956,0.046341,0.045996,0.048462,0.049817,0.041519,0.043267,0.04488,0.427725,54.769832,-0.047207,21.076768,-0.034121,19.048446,-0.005514,16.118076,-0.004179,13.809982
2022-03-02,175.0,182.9,174.05,179.45,244933.0,95.6807,100.54582,98.113723,103.102557,4.45,1.960227,8.85,0.358825,8.329126,0.192265,0.310917,1.328894,0.192265,-0.583778,4.729765,0.537871,0.397513,2.816614,0.537871,0.068977,4.413017,0.428562,1.142145,3.95494,0.428562,0.076583,4.041417,0.466085,0.811297,2.693285,0.466085,0.37789,3.734817,0.423672,0.778442,1.926618,0.423672,0.05118,0.048498,0.052066,0.038624,0.038168,0.044289,0.042374,0.042705,0.044887,0.045991,0.048433,0.049804,0.041564,0.043316,0.044921,1.091411,53.117117,0.023117,21.234374,-0.020708,18.995919,-0.003801,16.157682,-0.004027,13.82505
2022-03-03,181.1,183.75,177.95,179.0,158566.0,98.557823,101.77016,97.414966,100.590053,2.1,-0.250766,5.8,0.202349,8.332417,-0.05438,0.404292,1.394728,-0.05438,-0.690931,4.694864,0.093754,0.473978,3.0513,0.093754,0.098653,4.405624,-0.079312,1.128304,3.969096,-0.079312,0.105751,4.028271,-0.088504,0.802478,2.740141,-0.088504,0.372239,3.734909,-0.166806,0.782933,1.93095,-0.166806,0.049563,0.046001,0.04953,0.038529,0.038051,0.044121,0.042234,0.042581,0.044759,0.045933,0.048418,0.049786,0.041579,0.043333,0.044933,1.02133,53.457106,0.06697,20.790535,-0.025877,18.881877,-0.005961,16.035084,-0.004046,13.825246
2022-03-04,179.0,182.5,174.0,175.8,291069.0,98.082192,102.873563,96.328767,101.034483,3.2,-1.787709,8.5,1.965597,6.110557,-0.614233,1.822365,3.418334,-0.614233,-0.676745,4.6909,-0.236834,0.465843,3.066242,-0.236834,0.05057,4.412971,-0.416563,1.155034,3.976106,-0.416563,0.098204,4.031132,-0.467837,0.805666,2.730312,-0.467837,0.367403,3.737087,-0.576682,0.784672,1.924018,-0.576682,0.042021,0.039505,0.040797,0.037987,0.037405,0.043436,0.042386,0.04276,0.044903,0.045868,0.048324,0.04969,0.041617,0.043384,0.044972,-2.618572,16.15729,0.029505,20.875373,-0.029048,18.909106,-0.007776,16.037135,-0.004548,13.827052
2022-03-07,175.0,181.3,168.1,174.75,337321.0,96.525097,104.1047,96.387204,103.955979,0.25,-0.59727,13.2,-0.644517,1.722538,0.027429,0.762478,0.641941,0.027429,-0.809939,4.646514,0.04577,0.562865,3.386455,0.04577,0.072042,4.407032,-0.151874,1.145684,3.989911,-0.151874,0.119196,4.021887,-0.178142,0.798662,2.764013,-0.178142,0.344251,3.728596,-0.252513,0.803949,1.984759,-0.252513,0.029887,0.033821,0.033465,0.039036,0.038894,0.044485,0.042778,0.043351,0.045373,0.045968,0.048484,0.049819,0.041701,0.04351,0.045066,0.015165,2.373249,0.073956,20.328729,-0.034788,18.781467,-0.009883,15.932429,-0.004139,13.775815
2022-03-08,176.25,184.8,172.35,175.85,504088.0,95.373377,102.262837,95.156926,102.030751,0.4,0.629471,12.45,-0.009209,1.401233,0.455799,0.31143,0.215789,0.455799,-0.733206,4.657517,0.292576,0.505689,3.278499,0.292576,0.109553,4.403564,0.118067,1.122385,3.970394,0.118067,0.107016,4.018443,0.130014,0.809196,2.793909,0.130014,0.360072,3.723028,0.07236,0.797034,1.999137,0.07236,0.034335,0.039361,0.038817,0.03999,0.040215,0.045676,0.043083,0.043811,0.045809,0.046025,0.048574,0.049792,0.041766,0.043611,0.045168,-0.300802,1.389801,0.093015,20.320171,-0.036705,18.72299,-0.008533,15.925741,-0.004531,13.723214
2022-03-09,180.0,181.7,175.0,177.3,338760.0,99.064392,102.857143,97.578426,101.314286,2.7,0.824566,6.7,-0.236342,1.050283,1.010117,-0.696857,-0.153569,1.010117,-0.725632,4.660047,0.332657,0.500026,3.259971,0.332657,0.146693,4.401567,0.154007,1.098007,3.942621,0.154007,0.125209,4.017523,0.174077,0.796161,2.784108,0.174077,0.3619,3.723166,0.124267,0.795467,1.996792,0.124267,0.033215,0.038413,0.039083,0.039774,0.039905,0.045561,0.043151,0.043896,0.045999,0.045999,0.048541,0.049804,0.041791,0.04364,0.045217,0.456785,0.465171,0.137474,20.001847,-0.037819,18.688462,-0.008774,15.914938,-0.004446,13.726761
2022-03-10,182.0,185.95,179.05,181.45,457045.0,97.875773,101.647584,97.579995,101.340408,0.55,2.340666,6.9,0.281945,1.558046,1.321348,-0.068046,-0.149225,1.321348,-0.499955,4.695428,0.604976,0.346466,2.968517,0.604976,0.15062,4.403473,0.497345,1.09444,3.926479,0.497345,0.152457,4.02327,0.543888,0.773763,2.729466,0.543888,0.376142,3.725271,0.527351,0.78336,1.973493,0.527351,0.033648,0.039057,0.041114,0.039436,0.039648,0.045705,0.04311,0.043896,0.046111,0.046008,0.04858,0.049854,0.041812,0.04367,0.045279,0.967859,0.068506,0.158427,20.11015,-0.027764,18.842227,-0.007767,15.974568,-0.004282,13.747135
2022-03-11,181.0,184.2,180.15,182.65,150716.0,98.262758,100.471829,99.158523,101.387732,1.65,0.661339,4.05,0.771754,1.045339,-0.105626,0.471246,2.020574,-0.105626,-0.527908,4.686302,0.253771,0.366373,3.028821,0.253771,0.145691,4.402746,0.11712,1.098406,3.936495,0.11712,0.179539,4.017426,0.119927,0.75822,2.740877,0.119927,0.380214,3.725134,0.075467,0.780151,1.970737,0.075467,0.031682,0.036962,0.039299,0.039472,0.039689,0.045727,0.043086,0.043857,0.046068,0.045838,0.04844,0.049647,0.041813,0.043676,0.045268,0.422841,0.516597,0.20218,19.504205,-0.024708,18.869348,-0.008797,15.913829,-0.004319,13.745058
2022-03-14,184.1,186.35,181.0,182.85,219227.0,98.792595,101.712707,98.121814,101.022099,1.25,0.109499,5.35,0.913108,0.84193,-0.954484,1.641267,3.395642,-0.954484,-0.423566,4.675552,0.114011,0.296396,3.052011,0.114011,0.10571,4.393625,0.000862,1.131803,4.039101,0.000862,0.183663,4.017138,-0.018462,0.755259,2.739315,-0.018462,0.356745,3.711891,-0.066609,0.799101,2.052647,-0.066609,0.025549,0.0296,0.033479,0.039461,0.039664,0.045479,0.042746,0.043461,0.045727,0.0457,0.048278,0.049475,0.041716,0.043575,0.045176,-0.120317,0.538125,0.1884,19.587547,-0.019987,18.83467,-0.009131,15.906545,-0.003693,13.663785
2022-03-15,184.35,187.95,177.35,178.65,343253.0,98.084597,103.946997,95.051875,100.733014,5.7,-2.296965,10.6,0.327821,1.684243,-1.558437,-0.852849,1.935062,-1.558437,-0.12882,4.333348,-0.500339,0.477395,4.451767,-0.500339,-0.026683,4.363594,-0.520278,1.227439,4.37765,-0.520278,0.164035,4.024482,-0.611507,0.76367,2.713765,-0.611507,0.346479,3.716396,-0.711292,0.802742,2.038313,-0.711292,0.023343,0.025513,0.029537,0.039013,0.039817,0.04533,0.042786,0.043494,0.045723,0.045726,0.048279,0.049481,0.041749,0.0436,0.045199,-0.847423,0.833089,0.03898,17.788492,-0.015313,18.6113,-0.010919,15.935151,-0.004179,13.684318
2022-03-16,181.0,189.35,178.2,183.45,598350.0,95.590177,101.571268,96.884077,102.946128,2.45,2.686818,11.15,0.700271,1.9982,0.994168,-0.776988,0.125968,0.994168,0.028296,4.37762,0.607298,0.358952,4.071472,0.607298,0.006468,4.378052,0.612224,1.196419,4.241756,0.612224,0.167739,4.026653,0.625601,0.76058,2.699109,0.625601,0.366267,3.718278,0.624093,0.787081,2.011388,0.624093,0.026623,0.029694,0.031974,0.038008,0.038424,0.044428,0.043027,0.043811,0.046018,0.045693,0.04827,0.049437,0.041797,0.043671,0.045267,-0.2266,3.091547,0.074045,18.023084,-0.006342,18.775615,-0.008116,15.996915,-0.004074,13.701137
2022-03-17,184.9,189.2,183.35,187.95,283402.0,97.727273,100.845378,99.339323,102.508863,3.05,2.452984,5.85,0.722735,2.021744,0.85582,-0.756797,0.015529,0.85582,-0.048247,4.317792,0.579285,0.398573,4.490772,0.579285,0.095235,4.381835,0.538074,1.135704,4.114724,0.538074,0.125841,3.980127,0.584691,0.777363,2.934096,0.584691,0.376799,3.721204,0.557934,0.777544,1.986982,0.557934,0.026015,0.028591,0.028926,0.03769,0.03794,0.042748,0.042877,0.04363,0.04588,0.0453,0.047827,0.049001,0.041788,0.043653,0.045252,0.616061,2.510898,0.171139,16.737311,-0.005463,18.810256,-0.002834,15.676304,-0.003765,13.730857
2022-03-21,188.9,192.0,186.0,189.4,287993.0,98.385417,101.55914,98.645833,101.827957,0.5,0.771482,6.0,0.744764,2.021508,0.013217,-0.811533,0.121832,0.013217,0.106817,4.287121,0.155038,0.295791,4.6537,0.155038,0.146912,4.374108,0.142788,1.106654,4.107981,0.142788,0.167075,3.965064,0.152433,0.76142,2.986194,0.152433,0.350316,3.699279,0.113851,0.794667,2.101244,0.113851,0.026718,0.029574,0.029827,0.037443,0.037739,0.042592,0.042814,0.043549,0.045786,0.045129,0.047666,0.048855,0.041674,0.043587,0.045181,0.607391,2.531347,0.146825,16.743646,-0.008544,18.734967,-0.004558,15.547202,-0.002849,13.589195
2022-03-22,190.95,197.0,188.15,192.5,404070.0,96.928934,101.488174,97.715736,102.311985,1.55,1.636748,8.85,1.050213,2.016901,0.29081,-1.532507,2.325546,0.29081,0.196606,4.300046,0.334913,0.226166,4.52987,0.334913,0.207334,4.37339,0.326843,1.065775,4.047534,0.326843,0.202229,3.962326,0.36204,0.737784,2.974689,0.36204,0.321756,3.666884,0.358613,0.804448,2.242112,0.358613,0.028373,0.031616,0.031722,0.037699,0.038092,0.042847,0.042956,0.043755,0.045973,0.045124,0.047688,0.04887,0.041497,0.043452,0.045062,0.595209,2.545764,0.164484,16.6663,-0.008788,18.727929,-0.004925,15.522819,-0.001602,13.370256
2022-03-23,194.95,201.95,193.45,199.2,546370.0,96.533795,100.775394,98.638277,102.972344,4.25,3.480519,8.5,2.20571,1.036638,1.229753,-0.350162,-0.385653,1.229753,0.686533,4.070825,0.686344,0.133731,5.864318,0.686344,0.310526,4.388816,0.722289,0.991593,3.847683,0.722289,0.237034,3.975795,0.815808,0.709291,2.871491,0.815808,0.348474,3.67035,0.853337,0.784418,2.200722,0.853337,0.026369,0.029796,0.030247,0.03696,0.037375,0.041959,0.042993,0.043816,0.046047,0.041264,0.042596,0.044414,0.041507,0.043473,0.045082,0.077117,0.847802,0.108534,15.351357,-0.005707,18.869689,-0.0031,15.640873,-0.001459,13.397013
2022-03-24,205.2,205.2,199.3,203.2,720372.0,100.0,102.960361,99.025341,101.956849,2.0,2.008032,5.9,2.069953,1.001741,-0.061813,0.245384,0.51349,-0.061813,0.723177,4.079691,0.314939,0.104731,5.778289,0.314939,0.32829,4.393953,0.382285,0.976578,3.798055,0.382285,0.2038,3.946564,0.457165,0.72971,3.045955,0.457165,0.359397,3.67203,0.448971,0.774811,2.18188,0.448971,0.02216,0.024721,0.028693,0.03508,0.036471,0.038914,0.043027,0.043865,0.046303,0.041078,0.042416,0.044337,0.041503,0.043468,0.04512,0.181913,0.736603,0.136707,15.190283,0.00027,18.920671,0.00104,15.418716,-0.001291,13.410831
2022-03-25,200.4,204.3,200.2,203.05,174571.0,98.091043,100.0999,99.388155,101.423576,2.65,-0.073819,4.1,1.564592,1.340339,-1.222385,0.384751,0.177876,-1.222385,0.692905,4.083432,-0.187765,0.128726,5.748562,-0.187765,0.349516,4.3893,-0.096447,0.965347,3.807039,-0.096447,0.130355,3.881526,-0.052602,0.762732,3.407778,-0.052602,0.317232,3.627861,-0.107791,0.784246,2.355074,-0.107791,0.021202,0.023684,0.028406,0.034333,0.035426,0.037975,0.042983,0.043814,0.046299,0.040303,0.041648,0.043693,0.041234,0.043223,0.044894,-0.131932,1.402396,0.122297,15.343391,-0.00426,18.876859,0.005158,14.893416,-0.00015,13.095493
2022-03-28,204.05,204.45,192.1,194.55,225454.0,99.804353,106.220718,95.15774,101.275377,9.5,-4.186161,12.35,0.573064,2.945867,-1.61556,-1.293003,1.795944,-1.61556,1.013795,3.331988,-1.560617,2.010377,7.16514,-1.560617,0.259072,4.435927,-1.002098,0.976224,3.626126,-1.002098,0.038702,3.874078,-1.090547,0.80511,3.52388,-1.090547,0.309158,3.636109,-1.236299,0.778552,2.323383,-1.236299,0.025629,0.025948,0.030401,0.032172,0.033447,0.035356,0.043281,0.044021,0.046503,0.040398,0.041694,0.043659,0.041275,0.043248,0.044921,-1.520016,2.321612,-0.125776,10.021037,-0.014966,19.237261,0.005532,14.832897,-0.001257,13.149914
2022-03-29,197.5,200.8,194.6,198.05,260049.0,98.356574,101.490236,98.630478,101.772867,0.55,1.799023,6.2,0.605519,2.961369,0.403025,-1.31735,1.777993,0.403025,0.481081,1.987055,0.663264,-0.759557,0.135977,0.663264,0.299518,4.440657,0.337677,0.945558,3.559511,0.337677,0.008766,3.848454,0.465189,0.82667,3.703761,0.465189,0.331769,3.631216,0.404067,0.766141,2.330303,0.404067,0.023988,0.023766,0.029232,0.027048,0.029935,0.031836,0.043318,0.044071,0.046585,0.040089,0.041325,0.04335,0.041213,0.043173,0.04485,-0.955719,5.188968,0.066065,3.605844,-0.012523,19.292382,0.009459,14.587934,-0.001492,13.112378
2022-03-30,204.0,205.0,195.65,197.2,248961.0,99.512195,104.267825,96.195122,100.792231,6.8,-0.429185,9.35,-0.176422,2.491317,-0.101457,-1.248992,1.621145,-0.101457,0.586975,1.870182,-0.543348,-0.858492,0.86573,-0.543348,0.030794,4.044882,-0.113719,0.799793,4.569663,-0.113719,0.04855,3.822816,-0.124969,0.827431,3.832265,-0.124969,0.322302,3.630716,-0.20698,0.774157,2.341418,-0.20698,0.024479,0.023345,0.031315,0.02747,0.030137,0.032523,0.041879,0.043427,0.046093,0.039978,0.041218,0.04335,0.04125,0.043196,0.044912,-0.300159,4.785139,0.005249,3.321785,0.016882,15.974498,0.006522,14.432336,-0.001435,13.109329
2022-03-31,196.05,211.15,196.05,202.15,959005.0,92.848686,100.0,95.737627,103.111451,6.1,2.510142,15.1,-0.076,2.608736,0.991339,-1.069967,1.243648,0.991339,0.614471,1.895308,1.000192,-0.834309,0.751493,1.000192,0.055749,4.056468,0.605057,0.777994,4.463351,0.605057,0.084559,3.828931,0.633488,0.797694,3.758075,0.633488,0.34037,3.632576,0.597309,0.759312,2.315385,0.597309,0.030577,0.030746,0.036069,0.028452,0.03128,0.033996,0.042199,0.043786,0.046535,0.040151,0.041417,0.043606,0.041324,0.043282,0.045012,0.89249,3.851326,0.054406,3.314163,0.025732,15.987945,0.007294,14.469768,-0.001323,13.123796
2022-04-01,203.7,209.0,201.1,203.85,224023.0,97.464115,101.292889,97.535885,101.367479,0.15,0.84096,7.9,0.106956,2.640807,0.277947,-1.361106,1.808326,0.277947,0.669057,1.884769,0.091206,-0.939191,0.972572,0.091206,0.117545,4.04416,0.178879,0.741454,4.503823,0.178879,0.078933,3.827386,0.199098,0.802817,3.773906,0.199098,0.3523,3.63027,0.134607,0.751526,2.318498,0.134607,0.031819,0.032649,0.037286,0.028596,0.031503,0.034173,0.041753,0.043245,0.04609,0.039997,0.04122,0.043403,0.041306,0.043268,0.044986,1.076536,3.261232,0.04398,3.310424,0.021936,15.92792,0.008543,14.441583,-0.001533,13.105137
2022-04-04,204.85,209.8,203.0,203.65,232181.0,97.64061,100.91133,97.068637,100.320197,1.2,-0.098111,6.8,0.924566,1.241393,-0.823814,0.240407,-2.021928,-0.823814,0.753537,1.805034,-0.471818,-1.082402,1.810891,-0.471818,0.146591,4.037146,-0.060613,0.724338,4.533813,-0.060613,0.036677,3.8055,-0.035419,0.83833,3.957484,-0.035419,0.328052,3.61691,-0.117825,0.771057,2.407682,-0.117825,0.028473,0.030972,0.036264,0.028219,0.031118,0.033986,0.041685,0.04318,0.046068,0.039828,0.041009,0.043196,0.041234,0.043211,0.044935,-0.252413,1.105421,-0.005771,3.094134,0.017344,15.90993,0.010892,14.238167,-0.000937,13.013704
2022-04-05,204.65,224.5,204.6,211.75,3652338.0,91.158129,100.024438,94.320713,103.494624,7.1,3.977412,19.9,1.360244,1.855421,1.410553,0.683336,-1.300987,1.410553,0.982271,1.911559,1.566857,-1.011044,1.760343,1.566857,0.237823,4.071688,0.918437,0.653854,4.225987,0.918437,0.036099,3.804892,1.035854,0.838685,3.961784,1.035854,0.36188,3.619256,0.998971,0.749678,2.366927,0.998971,0.036895,0.040412,0.04659,0.029131,0.031913,0.035686,0.042299,0.043901,0.046964,0.040002,0.041288,0.043582,0.041366,0.043389,0.045157,0.620494,1.984044,0.018956,3.459409,0.024568,16.121378,0.015656,14.128195,-0.000862,13.031043
2022-04-06,211.5,214.7,206.1,208.45,640523.0,98.509548,102.620087,97.088961,101.140223,3.05,-1.558442,8.6,1.134392,2.169791,-1.241057,0.169643,-1.017746,-1.241057,0.872875,1.993655,-1.219528,-0.828831,0.880829,-1.219528,0.138693,4.053474,-0.418686,0.727223,4.42574,-0.418686,0.010248,3.806875,-0.412068,0.857225,3.971326,-0.412068,0.360295,3.620031,-0.530033,0.750207,2.363843,-0.530033,0.036395,0.04068,0.04485,0.028125,0.030572,0.034386,0.04189,0.043399,0.046367,0.039905,0.041148,0.043461,0.041386,0.043412,0.045165,-0.500071,3.266251,-0.022911,3.758474,0.028081,15.937826,0.015309,14.15209,-0.00139,13.03266
2022-04-07,209.0,215.45,200.1,202.1,821973.0,97.006266,104.447776,93.803667,100.9995,6.9,-3.046294,15.35,0.023105,2.65719,-1.15513,0.655234,0.524205,-1.15513,0.679332,2.177963,-1.710602,-0.679432,-0.041925,-1.710602,0.226519,3.931713,-0.832414,0.867893,5.01859,-0.832414,0.026985,3.789508,-0.810997,0.870182,4.064076,-0.810997,0.3546,3.62451,-0.938305,0.74922,2.345193,-0.938305,0.036352,0.040448,0.043128,0.029395,0.031915,0.035191,0.041392,0.043253,0.046221,0.039947,0.041179,0.043437,0.041356,0.04336,0.045075,-0.923484,3.942881,-0.079662,4.295342,0.002032,15.148338,0.010626,14.122678,-0.00224,13.054653
2022-04-08,203.15,206.9,201.75,203.55,315625.0,98.18753,100.693928,98.38086,100.892193,0.4,0.717467,5.15,-0.001594,2.648246,0.271523,0.703766,0.710631,0.271523,0.598172,2.142755,0.055673,-0.614413,0.040746,0.055673,-0.047439,3.358281,0.227767,0.044947,4.854087,0.227767,0.106214,3.718935,0.164362,0.931319,4.38398,0.164362,0.320405,3.588304,0.110654,0.759976,2.511048,0.110654,0.0355,0.039381,0.042115,0.02915,0.031604,0.034481,0.036199,0.038468,0.042088,0.039421,0.040733,0.043051,0.041031,0.043119,0.04483,-0.539255,5.028973,-0.052885,4.268835,0.037936,10.752796,0.006653,13.655286,-0.001101,12.807511
2022-04-11,204.8,209.7,203.65,205.4,407820.0,97.663329,100.564694,97.949452,100.859317,0.6,0.908868,6.05,0.199802,2.677202,0.264853,0.320567,-0.102784,0.264853,0.610549,2.143854,0.139151,-0.632536,0.051214,0.139151,0.030934,3.33337,0.263377,-0.012103,5.080598,0.263377,0.13727,3.712471,0.207839,0.913148,4.402364,0.207839,0.328853,3.587688,0.161668,0.753402,2.507552,0.161668,0.035267,0.039115,0.041717,0.029262,0.031769,0.034699,0.034447,0.03622,0.039952,0.03935,0.0407,0.043001,0.040961,0.043036,0.044747,-0.386118,5.435756,-0.047449,4.291444,0.032931,10.663291,0.005734,13.617216,-0.001179,12.802516
2022-04-12,206.4,206.75,201.3,203.85,185309.0,99.830713,102.533532,98.59734,101.266766,2.55,-0.754625,5.45,-0.746605,1.645586,-0.004874,-0.469565,-1.094781,-0.004874,0.567343,2.163104,-0.611144,-0.563182,-0.122519,-0.611144,0.018248,3.335164,-0.231735,-0.000472,5.062776,-0.231735,0.147483,3.708557,-0.24325,0.908884,4.422856,-0.24325,0.332326,3.586294,-0.303085,0.751824,2.512944,-0.303085,0.025957,0.028596,0.028658,0.029221,0.031683,0.034642,0.033799,0.035358,0.039273,0.039341,0.040695,0.043005,0.040938,0.043015,0.044727,0.556279,1.547468,-0.074863,4.25872,0.030712,10.704421,0.004045,13.602229,-0.001609,12.788572
2022-04-13,204.85,213.0,204.8,206.15,441927.0,96.173709,100.024414,96.784038,100.65918,1.3,1.128281,8.2,-0.209261,1.749588,0.764489,-1.432313,1.387883,0.764489,0.738605,2.057402,0.189402,-0.773685,0.625736,0.189402,0.085129,3.322957,0.313923,-0.056131,5.182484,0.313923,0.198915,3.685843,0.252145,0.89811,4.539009,0.252145,0.342169,3.585761,0.219231,0.744074,2.507822,0.219231,0.025775,0.0286,0.030278,0.028651,0.031247,0.034524,0.033277,0.034807,0.038885,0.039273,0.040708,0.043051,0.040949,0.043041,0.044758,0.687706,1.502968,-0.112076,3.603607,0.027853,10.659645,0.002105,13.445892,-0.001667,12.784134
2022-04-18,205.95,211.15,204.2,206.9,367118.0,97.537296,100.857003,97.987213,101.322233,0.95,0.363813,6.95,0.47276,0.741303,-0.146968,-1.504617,2.323462,-0.146968,0.622455,2.006572,-0.128897,-0.694712,0.77365,-0.128897,0.061864,3.316722,0.091038,-0.036261,5.243383,0.091038,0.278453,3.600905,0.023705,0.99986,4.954958,0.023705,0.3317,3.582609,0.008964,0.75385,2.535701,0.008964,0.018738,0.021659,0.024075,0.027833,0.030255,0.033585,0.032982,0.034418,0.03854,0.038914,0.04054,0.042878,0.04092,0.043008,0.044728,-0.048789,0.434864,-0.086669,3.575259,0.03204,10.566847,-0.002518,12.831572,-0.001344,12.764884
2022-04-19,208.0,215.45,201.15,204.2,625585.0,96.542121,103.405419,94.778371,101.516281,3.8,-1.304978,14.3,0.068272,1.058364,-1.297521,-0.469593,-2.2374,-1.297521,0.434557,2.002082,-0.868863,-0.482468,0.527649,-0.868863,-0.002082,3.311529,-0.393443,0.018834,5.293992,-0.393443,0.167082,3.472372,-0.423935,0.997624,5.72658,-0.423935,0.334687,3.580985,-0.457881,0.753096,2.542703,-0.457881,0.025407,0.029177,0.030749,0.029016,0.031737,0.034845,0.033339,0.034876,0.038879,0.038415,0.040133,0.042503,0.040951,0.043053,0.04476,-0.330925,0.677085,-0.0853,3.565985,0.033307,10.515878,0.002332,11.932263,-0.001925,12.746979
2022-04-20,206.0,212.25,201.2,201.95,668168.0,97.055359,102.385686,95.147232,100.372763,4.05,-1.101861,11.05,-0.333874,1.040978,-0.737755,0.746983,-1.53204,-0.737755,0.340889,2.029129,-0.71102,-0.3351,0.244816,-0.71102,0.01731,3.301989,-0.338938,0.005093,5.388857,-0.338938,0.156063,3.474655,-0.362029,1.004865,5.716822,-0.362029,0.309153,3.57288,-0.394923,0.774058,2.610214,-0.394923,0.028105,0.031963,0.03384,0.029585,0.032342,0.035576,0.033153,0.034672,0.038716,0.038234,0.039928,0.042212,0.04098,0.0431,0.044807,-0.312773,0.671254,-0.101929,3.566043,0.025651,10.548043,0.001477,11.950679,-0.001587,12.693255
2022-04-21,202.1,207.7,198.1,199.85,311521.0,97.303804,102.019182,96.22051,100.883392,2.25,-1.039861,9.6,-0.390921,1.076993,-0.602548,0.847157,-1.698821,-0.602548,0.207059,2.02743,-0.615025,-0.149316,0.17639,-0.615025,-0.04482,3.291852,-0.302274,0.058294,5.494187,-0.302274,0.12656,3.472133,-0.335938,1.031318,5.777941,-0.335938,0.304156,3.57407,-0.376047,0.777253,2.607212,-0.376047,0.029999,0.0343,0.036007,0.029624,0.032373,0.035638,0.033262,0.034812,0.038828,0.038162,0.039841,0.042134,0.040924,0.043035,0.04473,-0.580196,0.254677,-0.101193,3.564464,0.028182,10.454164,0.00183,11.932359,-0.001841,12.698815
2022-04-22,199.0,210.0,198.3,199.85,973246.0,94.761905,100.353001,95.166667,100.781644,0.85,0.0,11.7,-0.616578,0.746642,0.825801,0.661053,-2.447379,0.825801,0.033033,1.875332,-0.017614,-0.189513,0.707976,-0.017614,-0.026716,3.289512,0.008122,0.041601,5.517624,0.008122,0.188156,3.413632,-0.055119,1.094375,6.194121,-0.055119,0.306589,3.573695,-0.08579,0.775487,2.607418,-0.08579,0.032029,0.036779,0.039295,0.030058,0.033055,0.036678,0.033543,0.035182,0.039338,0.038006,0.039724,0.042077,0.040941,0.043072,0.044784,-0.046251,0.441701,-0.052465,3.249505,0.026181,10.461732,-0.002055,11.532834,-0.002005,12.694035
2022-04-25,200.25,204.75,195.75,197.3,403881.0,97.802198,102.298851,96.361416,100.791826,2.95,-1.275957,9.0,-0.944531,0.539848,-0.613923,1.998592,4.149779,-0.613923,-0.131166,1.836676,-0.623295,0.003222,0.934552,-0.623295,-0.065697,3.292597,-0.36757,0.077117,5.48847,-0.36757,0.140008,3.399822,-0.416482,1.140431,6.40217,-0.416482,0.30245,3.575052,-0.441506,0.777719,2.60269,-0.441506,0.033027,0.03778,0.040213,0.030407,0.033458,0.036347,0.033506,0.035129,0.039236,0.036864,0.038238,0.040404,0.040969,0.043115,0.044806,0.11599,0.206241,-0.039981,3.15156,0.024955,10.494682,-0.000894,11.442537,-0.002355,12.698604
2022-04-26,199.8,204.0,197.9,202.65,502849.0,97.941176,100.960081,99.338235,102.400202,2.85,2.711607,6.1,-0.141215,1.67157,1.706672,1.797355,3.11129,1.706672,0.008105,1.943739,1.390877,-0.053607,0.334537,1.390877,0.031993,3.301251,0.811696,0.002197,5.399304,0.811696,0.142317,3.401506,0.755339,1.137756,6.381263,0.755339,0.315599,3.579071,0.66945,0.765519,2.566868,0.66945,0.028584,0.032536,0.03582,0.030558,0.03364,0.036464,0.03329,0.034918,0.039092,0.03682,0.038204,0.04038,0.040973,0.04312,0.044807,0.739084,1.142825,0.001536,3.589137,0.02633,10.535924,0.002052,11.451032,-0.002029,12.731977
2022-04-27,199.75,203.0,195.1,197.3,188856.0,98.399015,102.383393,97.192118,101.127627,2.45,-2.64002,7.9,-0.448846,2.001536,-1.094746,1.058283,1.615118,-1.094746,0.085412,1.793049,-1.519998,0.348022,-0.09833,-1.519998,-0.045216,3.31799,-0.782041,0.062816,5.239216,-0.782041,0.091711,3.404911,-0.802291,1.171136,6.417143,-0.802291,0.290129,3.581901,-0.818043,0.781322,2.573254,-0.818043,0.026916,0.030806,0.033965,0.02987,0.033391,0.036306,0.033424,0.035084,0.039268,0.036854,0.038243,0.040386,0.040946,0.043083,0.044759,-0.048871,3.200139,-0.10252,2.704806,0.022953,10.679165,0.00178,11.474846,-0.002148,12.75049
2022-04-28,198.9,200.75,196.05,198.6,141105.0,99.078456,101.453711,98.929016,101.300689,0.3,0.658895,4.7,-0.109095,2.020224,0.380151,0.257524,-0.00511,0.380151,0.028405,1.753386,0.359584,0.428048,0.218717,0.359584,0.007509,3.307591,0.196937,0.018034,5.340155,0.196937,0.140054,3.377926,0.153598,1.17644,6.625948,0.153598,0.287835,3.581515,0.103604,0.783459,2.577708,0.103604,0.024565,0.028119,0.031586,0.029742,0.033234,0.036073,0.033388,0.035036,0.039126,0.036764,0.038207,0.040352,0.04095,0.043088,0.044765,-0.004627,3.265,-0.06727,2.77018,0.019878,10.639066,-0.000469,11.296097,-0.001968,12.750206
2022-04-29,198.9,200.65,191.05,192.85,223664.0,99.127835,104.108872,96.112634,100.942162,6.05,-2.895267,9.6,-0.688148,2.366408,-0.932687,0.734146,-1.014237,-0.932687,-0.094899,1.870087,-1.497453,0.350322,-0.125507,-1.497453,0.113441,3.119074,-0.964616,0.284384,6.463701,-0.964616,0.105346,3.391211,-0.88482,1.186587,6.531338,-0.88482,0.27928,3.587088,-0.884993,0.783844,2.553501,-0.884993,0.023233,0.025102,0.025892,0.02981,0.033375,0.035568,0.033071,0.034971,0.038917,0.036855,0.038279,0.040408,0.040973,0.0431,0.044775,-0.529133,3.919947,-0.116262,2.87293,-0.007032,9.523755,-0.002009,11.38195,-0.002665,12.779193
2022-05-02,191.85,194.6,189.0,193.3,136772.0,98.586845,101.507937,99.331963,102.275132,1.45,0.233342,5.6,-0.386289,2.368944,0.261564,0.121252,-1.694375,0.261564,-0.208739,1.76977,0.249796,0.441928,0.484154,0.249796,0.127218,3.118031,0.034035,0.270992,6.471275,0.034035,0.113674,3.390486,0.035295,1.179923,6.527452,0.035295,0.288837,3.584392,-0.015482,0.778361,2.561389,-0.015482,0.021343,0.022933,0.023887,0.028368,0.031853,0.033735,0.032285,0.033942,0.038135,0.036655,0.038019,0.04014,0.04098,0.043108,0.044776,-0.521178,3.946264,-0.070441,2.810498,-0.008143,9.513866,-0.00236,11.375799,-0.002967,12.75429
2022-05-04,193.4,203.0,188.7,190.8,597630.0,95.270936,102.490726,93.990148,101.112878,2.6,-1.293326,14.3,-1.187275,1.617517,-0.065564,0.10925,-2.767576,-0.065564,-0.315453,1.767489,-0.553256,0.619391,0.660962,-0.553256,0.021675,3.073824,-0.427806,0.346111,7.026812,-0.427806,0.10732,3.392541,-0.41286,1.1829,6.513652,-0.41286,0.281964,3.58611,-0.439276,0.782616,2.556951,-0.439276,0.02782,0.031124,0.032417,0.029567,0.033277,0.035246,0.03262,0.034371,0.038003,0.036881,0.038314,0.040452,0.041082,0.043239,0.044913,0.226783,1.990228,-0.069361,2.807854,-0.002041,9.258556,-0.003663,11.38306,-0.003234,12.761016
2022-05-05,194.75,197.25,185.35,186.6,138960.0,98.732573,105.071486,94.60076,100.6744,8.15,-2.201258,11.9,-1.099523,1.52845,-0.720818,0.078141,-2.367952,-0.720818,-0.42061,1.815781,-0.980651,0.698934,0.48804,-0.980651,0.024246,3.07187,-0.724478,0.345637,7.049979,-0.724478,0.080616,3.400166,-0.671107,1.195763,6.468772,-0.671107,0.268928,3.590393,-0.687999,0.789141,2.54306,-0.687999,0.030653,0.032695,0.034485,0.030404,0.033799,0.035882,0.032822,0.034495,0.038226,0.03705,0.038449,0.040612,0.04115,0.043288,0.04498,-0.411837,1.529709,-0.092869,2.84544,-0.01303,9.212299,-0.004815,11.426194,-0.003586,12.7836
2022-05-06,181.1,187.9,181.1,184.45,155986.0,96.381054,100.0,98.163917,101.849807,3.35,-1.152197,6.8,-1.461741,1.183149,0.261627,0.391104,0.157432,0.261627,-0.677091,1.49598,-0.317589,0.334437,-0.150456,-0.317589,0.004382,3.076287,-0.375966,0.363144,7.001665,-0.375966,0.05646,3.400259,-0.35546,1.216488,6.503428,-0.35546,0.264986,3.591524,-0.394591,0.791435,2.539685,-0.394591,0.031577,0.03351,0.037855,0.02817,0.031256,0.033487,0.032857,0.034511,0.038481,0.037071,0.038462,0.040735,0.041155,0.043286,0.045032,0.105154,1.097759,-0.033878,2.087897,-0.016247,9.2193,-0.004831,11.426694,-0.003894,12.784013
2022-05-09,184.45,185.5,177.05,178.7,253865.0,99.433962,104.17961,96.334232,100.93194,5.75,-3.117376,8.45,-1.506163,1.252561,-1.286335,0.169402,0.199551,-1.286335,-0.755037,1.582434,-1.492851,0.242536,-0.39188,-1.492851,0.068395,2.97363,-1.071341,0.514513,7.98942,-1.071341,0.023388,3.415,-0.919697,1.222175,6.395505,-0.919697,0.216729,3.571652,-0.933491,0.813905,2.663791,-0.933491,0.031313,0.033108,0.037554,0.028331,0.031212,0.033475,0.032555,0.034182,0.038039,0.037148,0.038516,0.040777,0.041015,0.043144,0.044899,-0.656031,0.394374,-0.082655,2.151734,-0.039076,8.347642,-0.006636,11.508913,-0.003453,12.65316
2022-05-10,176.0,182.95,175.0,177.2,354027.0,96.201148,100.571429,96.857065,101.257143,1.2,-0.839396,7.95,-1.720711,0.930615,0.947024,-0.976619,-0.334398,0.947024,-0.644693,1.488404,-0.130813,0.257195,-0.06316,-0.130813,0.026104,2.971153,-0.291301,0.558254,8.059448,-0.291301,0.013911,3.416077,-0.249791,1.229346,6.397746,-0.249791,0.196151,3.565787,-0.290412,0.832077,2.71807,-0.290412,0.032579,0.034772,0.040065,0.027197,0.030131,0.032837,0.03184,0.033961,0.03671,0.037079,0.038425,0.040741,0.041035,0.04318,0.04495,-0.000826,0.692835,-0.120038,1.625478,-0.038257,8.346405,-0.007097,11.510919,-0.00315,12.618194
2022-05-11,178.1,179.9,162.0,172.35,318428.0,98.999444,109.938272,95.803224,106.388889,5.75,-2.73702,17.9,-2.009449,0.987112,-0.73707,0.207775,-2.466951,-0.73707,-0.817417,1.522071,-1.261179,0.426651,-0.016086,-1.261179,-0.039268,2.995661,-0.900553,0.596086,7.765617,-0.900553,-0.040771,3.415906,-0.789322,1.267966,6.482759,-0.789322,0.196667,3.565353,-0.822832,0.832252,2.720035,-0.822832,0.038325,0.041289,0.04652,0.030436,0.03385,0.036624,0.0327,0.034957,0.037734,0.037445,0.03892,0.041275,0.041259,0.043457,0.045238,-0.075872,0.767998,-0.12842,1.652511,-0.04352,8.40008,-0.007084,11.509917,-0.004045,12.593633
2022-05-12,168.0,183.9,167.85,179.15,404464.0,91.353997,100.089366,97.417074,106.732201,11.15,3.94546,16.05,-0.780106,2.818035,1.676901,1.586549,2.766724,1.676901,-0.665587,1.824701,2.527015,0.960085,1.010177,2.527015,0.25172,2.633214,1.402749,1.977476,8.27547,1.402749,0.014214,3.435516,1.144296,1.21436,6.202464,1.144296,0.242401,3.554412,1.041821,0.824702,2.725889,1.041821,0.042321,0.044427,0.050096,0.032577,0.035402,0.038497,0.032311,0.034608,0.037305,0.037752,0.039143,0.041585,0.041215,0.043382,0.045183,1.057567,4.116161,-0.033122,3.12658,-0.060017,6.045018,-0.005632,11.658305,-0.0043,12.509052
2022-05-13,184.6,184.6,172.5,173.65,515960.0,100.0,107.014493,94.068256,100.666667,10.95,-3.070053,12.1,-1.163677,3.005622,-0.63427,1.766581,2.956172,-0.63427,-0.781359,1.902445,-1.203028,0.932178,0.744999,-1.203028,-0.058747,2.00557,-1.501471,0.079721,-0.651671,-1.501471,0.010786,3.438448,-0.895997,1.212092,6.178428,-0.895997,0.194611,3.534216,-0.923731,0.84771,2.858097,-0.923731,0.044996,0.045106,0.050505,0.033635,0.035793,0.039439,0.0308,0.033406,0.036332,0.037896,0.039166,0.041714,0.041233,0.04338,0.045223,0.48795,6.750821,-0.068878,3.28059,-0.037951,3.641919,-0.009126,11.635298,-0.003852,12.378755
2022-05-16,175.0,180.1,168.65,173.85,622454.0,97.16824,103.765194,96.529706,103.083309,1.15,0.115174,11.45,-0.517167,2.822397,0.224044,1.140049,1.131064,0.224044,-0.832014,1.861979,0.5087,1.028434,1.185855,0.5087,-0.005502,1.973239,0.061157,0.042004,-0.54918,0.061157,0.050146,3.416604,0.019033,1.214761,6.341723,0.019033,0.212299,3.524863,-0.027554,0.844754,2.897811,-0.027554,0.04668,0.048195,0.053026,0.03437,0.036748,0.039929,0.031197,0.033923,0.036688,0.037912,0.039261,0.041788,0.041276,0.043475,0.045297,0.157611,6.323058,-0.025918,3.271283,-0.043636,3.419269,-0.011386,11.448418,-0.00441,12.297719
2022-05-17,174.75,182.9,173.9,179.45,397759.0,95.544013,100.488787,98.113723,103.191489,4.7,3.221168,9.0,0.294946,3.257199,0.898386,0.093126,-2.851171,0.898386,-0.689146,2.057879,1.900167,0.965339,0.335655,1.900167,0.019716,2.00665,1.595421,0.069066,-0.592759,1.595421,0.044346,3.41066,0.931439,1.220901,6.408613,0.931439,0.23152,3.530761,0.846743,0.827239,2.842347,0.846743,0.047121,0.048261,0.052307,0.034742,0.037052,0.04022,0.031207,0.033927,0.036693,0.037212,0.038566,0.040988,0.041313,0.043509,0.045332,0.808609,7.179779,0.050866,3.937091,-0.03123,3.743002,-0.007229,11.472725,-0.004086,12.348279
2022-05-18,184.75,184.75,174.05,178.4,391437.0,100.0,106.147659,96.562923,102.499282,6.35,-0.585121,10.7,0.725325,2.876323,-0.455598,-0.143788,-1.481881,-0.455598,-0.653153,2.05283,0.033141,0.915615,0.291476,0.033141,0.013029,2.008126,-0.297865,0.078791,-0.59915,-0.297865,0.055841,3.406538,-0.188156,1.216411,6.436726,-0.188156,0.247795,3.519382,-0.236666,0.829072,2.893824,-0.236666,0.041046,0.039691,0.045323,0.03444,0.036426,0.040314,0.031498,0.034175,0.037171,0.037255,0.038608,0.041134,0.041268,0.043518,0.045352,-0.276994,6.465138,0.042629,3.942982,-0.033315,3.720778,-0.008681,11.425658,-0.004822,12.24661
2022-05-19,175.95,179.9,173.0,175.35,240248.0,97.804336,101.705202,97.470817,101.358382,0.6,-1.709641,6.9,-0.405695,2.358851,-0.552789,0.848025,1.140392,-0.552789,-0.683542,2.064288,-0.497071,0.942288,0.278679,-0.497071,0.014591,2.006727,-0.859226,0.078437,-0.59461,-0.859226,0.03258,3.410611,-0.510824,1.231462,6.426736,-0.510824,0.242914,3.521426,-0.554479,0.831067,2.885198,-0.554479,0.034548,0.034821,0.039706,0.034091,0.03607,0.039935,0.031413,0.034102,0.03716,0.037305,0.038674,0.041207,0.041248,0.043497,0.045343,0.202053,4.369691,0.020451,4.034315,-0.041779,3.582922,-0.00939,11.442467,-0.005262,12.246137
2022-05-20,178.9,184.7,178.1,179.1,411173.0,96.859773,100.449186,96.968056,100.561482,0.2,2.13858,6.6,0.636032,2.012788,0.746501,0.296356,-1.729895,0.746501,-0.52462,2.155736,1.235402,0.71265,-0.421352,1.235402,0.069308,2.026901,1.020905,0.016783,-0.675801,1.020905,0.070675,3.412666,0.60595,1.198769,6.348185,0.60595,0.253402,3.523944,0.534962,0.821059,2.858669,0.534962,0.030944,0.034265,0.038547,0.033848,0.035785,0.040055,0.030904,0.033452,0.036833,0.037317,0.038719,0.041317,0.041244,0.043491,0.045348,-0.0884,3.225425,0.055141,4.313738,-0.03828,3.721006,-0.009172,11.459734,-0.00501,12.272436
2022-05-23,182.15,183.9,175.8,178.85,340847.0,99.048396,103.612059,97.253942,101.734926,3.3,-0.139587,8.1,0.58508,2.032399,-0.356557,0.397097,-1.846687,-0.356557,-0.5316,2.154173,0.181978,0.724491,-0.400965,0.181978,0.053926,2.025481,-0.095539,0.040077,-0.667937,-0.095539,0.08174,3.410147,-0.064902,1.192087,6.359704,-0.064902,0.251063,3.52405,-0.110852,0.82299,2.86019,-0.110852,0.028154,0.030382,0.036276,0.033511,0.035256,0.039266,0.030572,0.032987,0.036453,0.037355,0.038779,0.04139,0.041275,0.043526,0.045386,-0.399781,2.984866,0.068925,4.250479,-0.037399,3.72924,-0.010095,11.427898,-0.005057,12.271585
2022-05-24,177.9,184.0,177.35,179.45,356033.0,96.684783,100.310121,97.527174,101.184099,1.55,0.335477,6.65,0.007941,1.411602,0.232031,0.656022,1.270444,0.232031,-0.451028,2.155003,0.364967,0.605185,-0.528247,0.364967,0.044145,2.022862,0.14402,0.054226,-0.654337,0.14402,0.095419,3.408375,0.070432,1.182025,6.359386,0.070432,0.261329,3.521275,0.021057,0.81699,2.868548,0.021057,0.026584,0.029199,0.035727,0.033332,0.03506,0.039201,0.030565,0.032996,0.036372,0.037391,0.03883,0.041459,0.04125,0.043511,0.045373,0.341125,1.361363,0.069559,4.250957,-0.03485,3.757215,-0.010619,11.406889,-0.005341,12.242283
2022-05-25,181.35,182.25,176.3,179.05,250444.0,99.506173,102.864436,98.24417,101.559841,2.3,-0.222903,5.95,0.080385,1.382552,-0.219368,0.466906,1.657139,-0.219368,-0.597754,2.024273,0.185178,0.74929,0.122849,0.185178,-0.007127,1.995774,-0.108117,0.104323,-0.546965,-0.108117,0.071747,3.402216,-0.086605,1.207496,6.461291,-0.086605,0.247938,3.517981,-0.133839,0.829577,2.902749,-0.133839,0.023009,0.026243,0.030609,0.03338,0.035134,0.039255,0.030526,0.032928,0.036168,0.037352,0.038801,0.041432,0.041198,0.043455,0.045331,0.117037,1.501765,0.122754,3.391765,-0.029854,3.717848,-0.009567,11.383067,-0.005083,12.22819
2022-05-26,178.8,190.9,178.1,185.4,1130596.0,93.661603,100.393038,97.11891,104.098821,6.6,3.546495,12.8,1.131612,1.653038,1.460876,0.927968,-1.066651,1.460876,-0.288428,2.16365,1.772433,0.59377,-0.406824,1.772433,0.050576,2.056287,1.700113,0.116656,-0.658986,1.700113,0.098134,3.418958,1.0086,1.176888,6.248727,1.0086,0.276434,3.521518,0.928594,0.808338,2.854654,0.928594,0.027687,0.03028,0.033981,0.034245,0.035958,0.03996,0.031033,0.033436,0.036653,0.037546,0.038996,0.041621,0.041058,0.043269,0.045172,0.273251,2.036695,0.149711,3.702062,-0.019855,4.06165,-0.006996,11.5316,-0.004952,12.257327
2022-05-27,184.7,185.7,171.85,175.65,374370.0,99.461497,107.477451,94.588045,102.211231,9.05,-5.2589,13.85,-0.347884,3.154768,-1.556696,-0.783638,2.245915,-1.556696,-0.584317,2.417081,-1.933978,0.324039,-0.165623,-1.933978,-0.056792,2.189017,-2.376458,-0.053249,-0.44914,-2.376458,0.024459,3.454394,-1.52946,1.165865,6.032758,-1.52946,0.247234,3.543125,-1.554033,0.799256,2.769349,-1.554033,0.033233,0.034501,0.035928,0.03565,0.037155,0.040991,0.031627,0.033918,0.037079,0.0376,0.038983,0.041622,0.041088,0.043252,0.045092,-0.702761,6.974306,0.093662,5.258478,-0.032204,4.479989,-0.00896,11.746623,-0.005733,12.381421
2022-05-30,175.2,177.05,172.55,175.6,267694.0,98.955097,101.535787,99.181022,101.767604,0.4,-0.028466,4.5,-0.325659,3.156993,0.094138,-0.81687,2.284689,0.094138,-0.440977,2.357083,0.175009,0.202327,0.033416,0.175009,-0.011422,2.165017,-0.007873,-0.096987,-0.346038,-0.007873,-0.019052,3.427002,-0.002747,1.212579,6.364588,-0.002747,0.255552,3.540501,-0.08022,0.794747,2.778486,-0.08022,0.031716,0.03285,0.033692,0.035207,0.036814,0.040718,0.031316,0.033629,0.036813,0.037493,0.038876,0.041501,0.041019,0.043179,0.045018,-0.576388,7.308839,0.065114,5.13707,-0.037623,4.298771,-0.006386,11.592917,-0.006066,12.349809
2022-05-31,174.0,179.8,168.75,170.3,1322463.0,96.774194,103.111111,94.716352,100.918519,3.7,-3.018223,11.05,-0.996399,3.332783,-0.606647,0.105979,-0.158299,-0.606647,-0.603556,2.419436,-0.998029,0.339476,-0.152808,-0.998029,-0.125522,2.170239,-1.332895,-0.029228,-0.36889,-1.332895,-0.059527,3.438378,-0.860492,1.229487,6.305555,-0.860492,0.236263,3.547804,-0.917324,0.802314,2.752047,-0.917324,0.034617,0.036277,0.036921,0.03601,0.037772,0.041637,0.031356,0.033648,0.036843,0.037646,0.039061,0.041677,0.041087,0.043259,0.045096,-0.91656,7.205788,0.038944,5.510561,-0.03809,4.313598,-0.007532,11.656944,-0.006467,12.384586
2022-06-01,170.3,172.9,166.1,168.3,227267.0,98.496241,102.528597,97.339503,101.324503,2.0,-1.174398,6.8,-1.186698,3.304621,0.003722,0.391629,0.279776,0.003722,-0.597609,2.417797,-0.23856,0.332557,-0.147962,-0.23856,-0.19807,2.142739,-0.455645,0.03594,-0.270648,-0.455645,-0.051418,3.434745,-0.326947,1.22763,6.332341,-0.326947,0.25537,3.529729,-0.405065,0.814506,2.828676,-0.405065,0.035142,0.036995,0.037118,0.035064,0.036529,0.0403,0.031427,0.033755,0.036908,0.037591,0.039006,0.04163,0.040781,0.042989,0.044767,-0.720111,7.699297,0.019898,5.540293,-0.034243,4.255309,-0.009362,11.606466,-0.007466,12.210887
2022-06-02,169.1,172.0,166.55,171.15,174260.0,98.313953,101.531072,99.505814,102.761933,2.05,1.693405,5.45,-1.557316,2.687339,1.209643,-0.340406,-0.583483,1.209643,-0.402876,2.438591,0.859628,0.122467,-0.320287,0.859628,-0.179632,2.155183,0.869084,0.02102,-0.326092,0.869084,-0.01636,3.434481,0.497823,1.199405,6.283556,0.497823,0.264495,3.531082,0.404666,0.806089,2.811275,0.404666,0.031021,0.032878,0.032815,0.034327,0.036,0.039613,0.031431,0.033743,0.036912,0.037556,0.038956,0.041579,0.04065,0.04282,0.044536,1.275868,2.521757,0.027306,5.624598,-0.027418,4.395362,-0.009393,11.604191,-0.00731,12.228094
2022-06-03,172.0,174.25,167.05,168.45,164473.0,98.708752,102.963185,96.671449,100.838072,3.55,-1.577564,7.2,-0.821049,1.766027,-0.428371,0.401794,0.226504,-0.428371,-0.424144,2.447309,-0.471301,0.145344,-0.357093,-0.471301,-0.243918,2.147824,-0.620929,0.09608,-0.287853,-0.620929,-0.018292,3.435312,-0.453895,1.199939,6.277477,-0.453895,0.252219,3.533207,-0.517881,0.814418,2.809049,-0.517881,0.025639,0.028629,0.028612,0.034438,0.03612,0.039069,0.031392,0.033652,0.036828,0.037621,0.039031,0.041645,0.040649,0.042823,0.044518,0.161343,2.443019,-0.001307,5.689801,-0.026259,4.377285,-0.011149,11.579781,-0.007492,12.234025
2022-06-06,169.8,170.9,162.05,163.85,297354.0,99.356349,104.782475,95.874781,101.110768,5.95,-2.730781,8.85,-1.361512,1.873085,-0.731023,1.356345,1.96691,-0.731023,-0.404815,2.426355,-0.958626,0.152319,-0.30291,-0.958626,-0.368144,2.107255,-1.121192,0.133866,-0.227292,-1.121192,-0.028809,3.442051,-0.784989,1.198372,6.223054,-0.784989,0.224428,3.534709,-0.836054,0.832192,2.826592,-0.836054,0.028522,0.03063,0.03061,0.034609,0.036274,0.039241,0.031505,0.033704,0.036851,0.037689,0.039088,0.041697,0.040597,0.042743,0.044457,0.017172,2.806169,-0.076784,5.396805,-0.02299,4.241647,-0.013767,11.571314,-0.007549,12.241729
2022-06-07,163.85,167.45,159.75,165.15,163226.0,97.850105,102.56651,98.626456,103.380282,1.3,0.793409,7.7,-0.599186,1.804652,0.771669,0.279202,-1.747128,0.771669,-0.323174,2.438402,0.457916,0.045695,-0.379052,0.457916,-0.392436,2.0862,0.568424,0.146607,-0.135861,0.568424,-0.032073,3.441106,0.239889,1.202022,6.237944,0.239889,0.180384,3.471586,0.176584,0.816831,3.031013,0.176584,0.026138,0.028078,0.027371,0.034672,0.036353,0.039004,0.03166,0.03391,0.036745,0.037774,0.039205,0.041792,0.040163,0.042279,0.044037,-0.048857,2.600642,-0.066528,5.501353,-0.014438,4.221776,-0.012582,11.590878,-0.006051,11.869617
2022-06-08,165.25,166.7,161.25,162.6,142547.0,99.130174,102.48062,97.540492,100.837209,2.65,-1.544051,5.45,-0.673116,1.841307,-0.472998,0.420149,-2.001541,-0.472998,-0.263526,2.390365,-0.535703,0.017737,-0.194781,-0.535703,-0.421841,2.09197,-0.536437,0.185704,-0.157358,-0.536437,-0.036163,3.442672,-0.437999,1.203483,6.227201,-0.437999,0.151436,3.461642,-0.489793,0.840383,3.119853,-0.489793,0.025431,0.02699,0.026394,0.032,0.03302,0.035516,0.031739,0.034002,0.036764,0.037782,0.039216,0.041798,0.0399,0.042091,0.043754,-0.410394,2.375484,-0.122082,4.932592,-0.016367,4.233028,-0.014149,11.566659,-0.005695,11.81494
2022-06-09,160.15,167.45,160.15,166.7,180067.0,95.64049,100.0,99.552105,104.089916,6.55,2.521525,7.3,-0.507492,2.123076,1.426712,0.725552,-0.989741,1.426712,-0.334723,2.276916,1.254437,-0.137591,-0.187865,1.254437,-0.287687,2.060484,1.363375,0.182183,-0.208687,1.363375,-0.014308,3.451984,0.734602,1.17857,6.098948,0.734602,0.177742,3.459551,0.677482,0.82346,3.107475,0.677482,0.026745,0.026656,0.026847,0.030157,0.031308,0.03357,0.031523,0.033798,0.036639,0.037862,0.039244,0.041856,0.039874,0.042029,0.043713,0.938491,1.844432,-0.015838,4.91679,-0.01866,4.088169,-0.012404,11.668822,-0.005777,11.7974
2022-06-10,165.0,165.0,162.65,163.55,57678.0,100.0,101.44482,99.121212,100.553335,1.45,-1.889622,2.35,-0.569904,2.166539,-0.609137,0.768867,-1.162036,-0.609137,-0.275701,2.216786,-0.728046,-0.148181,0.054503,-0.728046,-0.36146,2.050255,-0.745352,0.264864,-0.132262,-0.745352,-0.030971,3.457021,-0.537645,1.186538,6.070093,-0.537645,0.18904,3.449023,-0.602681,0.830027,3.159627,-0.602681,0.024529,0.024096,0.024938,0.028814,0.030678,0.032339,0.031434,0.033675,0.036513,0.037845,0.039219,0.041847,0.039814,0.041972,0.043664,0.341043,3.522491,-0.08124,4.448981,-0.017319,4.057012,-0.013645,11.676346,-0.006738,11.684945
2022-06-13,161.6,161.65,152.85,155.25,166274.0,99.969069,105.724567,96.040829,101.570167,6.35,-5.074901,8.8,-1.038728,2.885402,-1.398825,-0.26398,-0.10288,-1.398825,-0.535205,2.459154,-1.84604,-0.190316,-0.309522,-1.84604,-0.454374,2.155932,-2.143169,0.14041,-0.148967,-2.143169,-0.21179,3.233867,-1.503807,0.906284,6.292445,-1.503807,0.16724,3.46849,-1.511361,0.817523,3.069666,-1.511361,0.024975,0.024194,0.025731,0.028442,0.029689,0.03173,0.031543,0.033764,0.036415,0.037073,0.038897,0.041528,0.039771,0.041895,0.043581,-1.208219,3.740852,-0.143629,5.059145,-0.028575,4.385035,-0.008739,10.289672,-0.00766,11.774684
2022-06-14,155.25,159.45,153.25,155.85,181787.0,97.365945,101.305057,97.742239,101.696574,0.6,0.386473,6.2,-1.120115,2.825931,0.53313,-0.197048,0.350207,0.53313,-0.67694,2.308322,0.460687,-0.27346,0.002226,0.460687,-0.496848,2.116903,0.417271,0.153978,0.00433,0.417271,-0.220549,3.231018,0.187873,0.916068,6.335427,0.187873,0.167372,3.468497,0.063169,0.817402,3.069483,0.063169,0.024028,0.022907,0.024606,0.028132,0.029503,0.031501,0.031091,0.033284,0.035798,0.037063,0.038891,0.041507,0.039748,0.041865,0.043542,-0.373538,6.109648,-0.071151,4.893609,-0.019337,4.313784,-0.007491,10.288332,-0.007598,11.777881
2022-06-15,156.0,160.65,155.2,158.6,155835.0,97.105509,100.515464,98.723934,102.190722,2.6,1.764517,5.45,-0.458401,3.07797,0.722203,-0.90405,-0.170607,0.722203,-0.559458,2.372151,0.979691,-0.353448,-0.216486,0.979691,-0.478377,2.132784,1.051627,0.143592,-0.070161,1.051627,-0.180416,3.230495,0.602054,0.883423,6.294702,0.602054,0.179782,3.469756,0.456728,0.806255,3.04898,0.456728,0.024157,0.023075,0.024851,0.027362,0.028802,0.030017,0.031056,0.033208,0.035714,0.036795,0.038555,0.041222,0.039749,0.041861,0.043535,0.076208,7.567505,-0.034823,5.305427,-0.01074,4.433771,-0.007541,10.28436,-0.007493,11.791849
2022-06-16,158.6,161.95,150.0,152.5,150773.0,97.93146,105.733333,94.164866,101.666667,6.1,-3.846154,11.95,-1.731937,2.845305,-0.743055,0.09837,-2.002546,-0.743055,-0.666283,2.472652,-1.286016,-0.299427,-0.581813,-1.286016,-0.553338,2.184388,-1.507432,0.162918,-0.208355,-1.507432,-0.203373,3.248437,-1.121395,0.876462,6.131555,-1.121395,0.167376,3.479728,-1.153403,0.80273,3.000094,-1.153403,0.029395,0.03044,0.0303,0.028759,0.030145,0.031009,0.031608,0.03375,0.036111,0.036991,0.038753,0.041382,0.039841,0.041951,0.043606,0.292635,6.305337,-0.099937,5.476229,-0.017733,4.610635,-0.010549,10.354103,-0.008327,11.816839
2022-06-17,150.1,161.45,147.25,158.8,397366.0,92.96996,101.935484,98.358625,107.843803,8.7,4.131148,14.2,-0.527783,3.856294,1.208137,-0.120782,-2.075154,1.208137,-0.566655,2.626943,1.788316,-0.091186,-0.502873,1.788316,-0.550263,2.190993,2.136661,0.176855,-0.185044,2.136661,-0.15622,3.276952,1.30834,0.833598,5.79622,1.30834,0.187421,3.490995,1.129686,0.785012,2.912429,1.129686,0.038218,0.038915,0.038404,0.03092,0.032035,0.032357,0.031592,0.033498,0.035593,0.037331,0.039048,0.04166,0.040017,0.04211,0.043756,1.417947,7.875654,0.012885,6.550266,0.004385,4.700438,-0.008204,10.574939,-0.007742,11.926307
2022-06-20,156.15,160.0,154.1,156.25,200413.0,97.59375,101.330305,97.65625,101.395198,0.1,-1.605793,5.9,0.166038,3.064429,-0.578193,-0.053784,-0.590825,-0.578193,-0.639965,2.634844,-0.36656,-0.001434,-0.544006,-0.36656,-0.55121,2.191448,-0.481227,0.17779,-0.187,-0.481227,-0.206258,3.260292,-0.429267,0.879169,6.01927,-0.429267,0.179799,3.493248,-0.511155,0.789422,2.90443,-0.511155,0.036557,0.038292,0.037991,0.030739,0.031894,0.032243,0.031562,0.033484,0.035669,0.037087,0.03876,0.041358,0.04003,0.042133,0.043778,-0.16179,7.460226,0.004784,6.594522,-0.000567,4.706329,-0.006911,10.483405,-0.00805,11.925744
2022-06-21,156.25,158.55,155.05,157.5,93775.0,98.549354,100.773944,99.337748,101.580135,1.25,0.8,3.5,0.248743,3.077418,0.17913,-0.184031,-0.675231,0.17913,-0.616739,2.645919,0.535443,-0.024182,-0.588425,0.535443,-0.474284,2.169474,0.58737,0.109868,-0.12568,0.58737,-0.123882,3.178784,0.29064,0.990869,6.591896,0.29064,0.158575,3.476396,0.184509,0.805577,3.020632,0.184509,0.035481,0.036811,0.036567,0.030487,0.03156,0.031774,0.03099,0.032859,0.035102,0.036563,0.038409,0.041031,0.039806,0.041865,0.04351,0.031133,7.574463,0.040756,6.595613,-0.003498,4.609937,-0.010696,9.90829,-0.007224,11.850933
2022-06-22,157.0,158.6,150.1,151.25,99739.0,98.991173,104.596935,95.3657,100.766156,5.75,-3.968254,8.5,-0.897811,3.420328,-0.897704,0.803355,-0.578001,-0.897704,-0.804007,2.747181,-1.151816,0.099631,-0.844767,-1.151816,-0.567998,2.217614,-1.533295,0.148563,-0.228098,-1.533295,-0.307719,2.843337,-1.287408,0.179195,4.756622,-1.287408,0.120531,3.479731,-1.175029,0.822842,3.038437,-1.175029,0.037308,0.038117,0.037747,0.031053,0.031947,0.032031,0.031268,0.033061,0.035266,0.033823,0.035866,0.038818,0.039832,0.041884,0.043516,-0.357535,9.103252,-0.000904,7.169625,-0.008801,4.803324,-0.004168,7.98924,-0.007315,11.869605
2022-06-23,151.25,179.7,151.25,158.9,6538911.0,84.168058,100.0,88.425153,105.057851,7.65,5.057851,28.45,0.88299,3.798536,1.099071,-0.171451,-1.951856,1.099071,-0.728439,2.890213,2.002029,0.286824,-0.531038,2.002029,-0.485019,2.347806,2.360872,0.301897,-0.130883,2.360872,-0.227042,2.880111,1.834961,0.161801,4.460402,1.834961,0.109759,3.460951,1.429691,0.816808,3.112039,1.429691,0.055775,0.061374,0.06925,0.037592,0.040264,0.043095,0.034435,0.036915,0.040052,0.034441,0.036569,0.039991,0.04034,0.042605,0.044465,-0.050905,11.537916,0.151529,7.172212,0.008053,5.388443,-0.002619,8.206377,-0.005509,11.817117
2022-06-24,157.9,162.25,153.75,157.05,1141747.0,97.318952,102.699187,96.795069,102.146341,0.85,-1.164254,8.5,-0.17609,3.38186,-0.292195,0.925248,1.205314,-0.292195,-0.523707,2.690528,-0.238075,0.380335,-0.305009,-0.238075,-0.493211,2.34948,-0.285613,0.311667,-0.134809,-0.285613,-0.237482,2.881612,-0.321616,0.172284,4.447314,-0.321616,0.10446,3.462092,-0.366459,0.820387,3.109131,-0.366459,0.052042,0.058752,0.066829,0.036838,0.039895,0.042693,0.034663,0.037223,0.040289,0.034234,0.036303,0.039774,0.040296,0.042558,0.044386,0.514093,8.621001,0.07377,6.69605,0.005795,5.402663,-0.003111,8.212589,-0.005732,11.816639
2022-06-27,160.0,161.0,156.9,157.85,302276.0,99.378882,101.975781,98.043478,100.605481,2.15,0.509392,4.1,0.246947,3.289337,0.079787,0.396051,1.13416,0.079787,-0.496814,2.698415,0.372888,0.346708,-0.359077,0.372888,-0.505589,2.342383,0.433311,0.325637,-0.094821,0.433311,-0.21023,2.875594,0.250252,0.147892,4.501872,0.250252,0.089561,3.453855,0.121554,0.834573,3.177861,0.121554,0.051522,0.057992,0.066269,0.036838,0.039852,0.04285,0.034572,0.03709,0.040153,0.033931,0.035967,0.039514,0.040264,0.042524,0.044368,0.222278,8.556975,0.096348,6.608718,0.012125,5.346407,-0.003866,8.173896,-0.005161,11.780677
2022-06-28,156.95,157.8,155.1,155.75,138264.0,99.461343,101.192779,98.700887,100.419084,1.2,-1.330377,2.7,-0.179128,3.337414,-0.344952,0.975965,1.685072,-0.344952,-0.412421,2.641195,-0.347553,0.312228,-0.191395,-0.347553,-0.539473,2.341803,-0.337733,0.369082,-0.070078,-0.337733,-0.238805,2.872351,-0.380027,0.175956,4.541698,-0.380027,0.115445,3.423434,-0.422331,0.870062,3.303596,-0.422331,0.051382,0.057822,0.066188,0.035915,0.038767,0.0418,0.034486,0.036975,0.040056,0.033742,0.035719,0.039295,0.040091,0.042412,0.044263,0.072729,8.900088,0.044628,6.560895,0.012313,5.342788,-0.003478,8.157816,-0.006368,11.52615
2022-06-29,154.0,161.7,154.0,157.45,356828.0,95.238095,100.0,97.371676,102.24026,3.45,1.091493,7.7,0.832821,2.583125,0.100139,1.385583,2.008181,0.100139,-0.299127,2.65535,0.523705,0.176955,-0.307569,0.523705,-0.491543,2.350325,0.673539,0.309184,-0.140217,0.673539,-0.246813,2.867462,0.466721,0.182205,4.593195,0.466721,0.109723,3.420828,0.286998,0.87603,3.328202,0.286998,0.050921,0.057858,0.066831,0.036108,0.038928,0.042193,0.03424,0.036642,0.039852,0.033793,0.03577,0.039358,0.04012,0.042448,0.044316,-0.809884,4.026203,0.054081,6.60109,0.014276,5.371103,-0.001397,8.13849,-0.005902,11.527431
2022-06-30,157.0,159.45,155.0,156.35,182252.0,98.463468,101.290323,98.055817,100.870968,0.65,-0.698634,4.45,-0.318476,1.067378,-0.356161,0.573691,-2.218987,-0.356161,-0.418729,2.614435,-0.107062,0.311899,-0.071544,-0.107062,-0.483479,2.348879,-0.091599,0.299384,-0.137341,-0.091599,-0.233085,2.861919,-0.162671,0.171212,4.64758,-0.162671,0.103761,3.421194,-0.234537,0.880955,3.331734,-0.234537,0.022536,0.025374,0.027396,0.036049,0.038884,0.042132,0.034023,0.0364,0.039571,0.033591,0.035547,0.039136,0.040092,0.042411,0.044287,0.151334,0.865632,0.079835,6.281583,0.012294,5.375412,-0.002771,8.102278,-0.005965,11.527443
2022-07-01,154.15,157.65,154.05,155.4,126459.0,97.779892,100.064914,98.572788,100.876339,1.25,-0.607611,3.6,-0.207148,0.982786,-0.407478,0.420487,-1.590424,-0.407478,-0.370231,2.600768,-0.091273,0.259827,-0.027726,-0.091273,-0.474834,2.347585,-0.056559,0.288652,-0.135375,-0.056559,-0.259827,2.852693,-0.121914,0.196154,4.75078,-0.121914,0.115991,3.414215,-0.211938,0.879482,3.367325,-0.211938,0.018371,0.020121,0.024207,0.035736,0.038573,0.042024,0.033842,0.036171,0.039424,0.033553,0.035498,0.039117,0.040036,0.04235,0.044244,-0.160226,0.721349,0.058839,6.310679,0.01064,5.377357,-0.0016,8.054345,-0.006547,11.455696
2022-07-04,156.45,158.55,153.2,154.2,103597.0,98.675497,102.12141,97.256386,100.652742,2.25,-0.772201,5.35,-0.463466,0.913897,-0.337822,1.671915,3.510654,-0.337822,-0.272302,2.543448,-0.196544,0.195903,0.196645,-0.196544,-0.490278,2.346937,-0.120124,0.309236,-0.123493,-0.120124,-0.258497,2.85242,-0.180094,0.194842,4.753385,-0.180094,0.107061,3.41419,-0.257532,0.887245,3.376935,-0.257532,0.019351,0.021309,0.023944,0.035317,0.038304,0.041781,0.033616,0.035858,0.03896,0.03358,0.035522,0.03914,0.040026,0.042332,0.044228,-0.058275,0.661374,0.015825,6.137345,0.011103,5.372281,-0.002295,8.050546,-0.006544,11.455652
2022-07-05,155.35,162.4,154.85,159.25,306902.0,95.658867,100.322893,98.060345,102.841459,3.9,3.274968,7.55,0.457603,1.755231,1.605125,1.387193,1.024901,1.605125,-0.148224,2.656203,1.288754,0.151679,-0.223522,1.288754,-0.399259,2.403412,1.528754,0.252023,-0.31444,1.528754,-0.232478,2.872797,1.220917,0.181827,4.550177,1.220917,0.121823,3.421502,0.921567,0.872523,3.31054,0.921567,0.022726,0.024657,0.027183,0.03533,0.038181,0.041766,0.033643,0.03585,0.038978,0.033574,0.035491,0.039097,0.040067,0.042372,0.04427,0.429338,2.096006,0.083327,6.471776,0.018038,5.593104,0.000369,8.170321,-0.006039,11.526574
2022-07-06,159.0,161.9,156.65,160.2,110226.0,98.208771,101.50016,98.949969,102.266199,1.2,0.596546,5.25,0.358613,1.724227,0.137994,1.73034,2.76209,0.137994,-0.041194,2.640077,0.241561,0.029218,-0.166344,0.241561,-0.441561,2.365862,0.438786,0.273351,-0.17649,0.438786,-0.204784,2.867246,0.279477,0.15676,4.600464,0.279477,0.129808,3.420733,0.136444,0.866231,3.307912,0.136444,0.02057,0.022631,0.023812,0.035325,0.038227,0.041803,0.03366,0.035889,0.038968,0.033476,0.035407,0.03902,0.040043,0.04235,0.044242,0.647294,1.540388,0.071927,6.449487,0.028,5.322093,-0.000315,8.138806,-0.006137,11.517351
2022-07-07,161.45,166.45,159.5,164.65,495687.0,96.996095,101.222571,98.918594,103.22884,3.2,2.777778,6.95,1.053896,1.884763,0.914641,0.330337,-2.853828,0.914641,-0.028382,2.653755,1.05743,0.030105,-0.207102,1.05743,-0.333205,2.38709,1.303253,0.192926,-0.274634,1.303253,-0.18921,2.879269,1.030466,0.148453,4.480939,1.030466,0.142073,3.425829,0.769363,0.853865,3.259482,0.769363,0.022284,0.024197,0.025289,0.035282,0.03848,0.041866,0.033686,0.035897,0.038937,0.033555,0.035493,0.039093,0.040035,0.042331,0.04422,0.813952,1.516829,0.152663,5.915378,0.030191,5.394421,0.002321,8.202803,-0.005713,11.568841
2022-07-08,166.9,166.95,160.85,162.85,603354.0,99.970051,103.761268,97.544175,101.243394,4.05,-1.093228,6.1,0.956773,2.000731,-1.024626,0.242766,-2.81302,-1.024626,0.011438,2.630228,-0.419989,-0.002706,-0.104129,-0.419989,-0.368247,2.385088,-0.303964,0.237111,-0.251623,-0.303964,-0.180369,2.875078,-0.317508,0.141849,4.521828,-0.317508,0.150815,3.420403,-0.363712,0.85332,3.287734,-0.363712,0.023622,0.025082,0.025941,0.035583,0.03873,0.042154,0.033775,0.035947,0.039029,0.033582,0.035495,0.039068,0.040013,0.042307,0.044211,-0.113924,3.176383,0.108062,6.183919,0.030832,5.37691,0.0007,8.183003,-0.006347,11.506386
2022-07-11,162.7,163.9,160.45,161.05,114247.0,99.267846,101.402306,98.261135,100.373948,1.65,-1.105312,3.45,0.89015,2.076798,-0.960836,0.210068,-2.867732,-0.960836,0.209917,2.36234,-0.556748,0.293037,0.010937,-0.556748,-0.332448,2.359683,-0.327529,0.2229,-0.169256,-0.327529,-0.109503,2.760673,-0.360712,0.333144,5.063901,-0.360712,0.154359,3.418724,-0.368462,0.852149,3.296106,-0.368462,0.022487,0.023764,0.024576,0.034897,0.038237,0.041584,0.033566,0.035767,0.038877,0.033319,0.035371,0.038887,0.039982,0.04228,0.044185,-1.045033,1.266281,0.011798,5.296988,0.022909,5.347447,-0.004705,7.526655,-0.006831,11.47371
2022-07-12,160.8,162.0,158.8,160.4,129481.0,99.259259,101.259446,99.012346,101.007557,0.4,-0.403601,3.2,0.154437,1.622684,-0.343898,1.367684,1.454031,-0.343898,0.170414,2.365835,-0.242627,0.34636,0.016607,-0.242627,-0.345187,2.358285,-0.02477,0.239883,-0.156731,-0.02477,-0.108984,2.760612,-0.106722,0.332599,5.064358,-0.106722,0.154038,3.418774,-0.163111,0.85239,3.296066,-0.163111,0.019259,0.020614,0.021095,0.034592,0.037853,0.041258,0.033517,0.035709,0.038818,0.032907,0.034836,0.038468,0.039961,0.042252,0.044157,-0.588338,1.414199,0.005821,5.31619,0.024127,5.329051,-0.005089,7.523185,-0.006988,11.466784
2022-07-13,161.5,162.15,155.75,157.45,134607.0,99.599137,103.691814,97.101449,101.091493,4.05,-1.839152,6.4,-0.332703,1.81141,-0.831644,1.806844,3.546238,-0.831644,-0.00977,2.375247,-0.770186,0.542539,0.138858,-0.770186,-0.356103,2.36402,-0.627342,0.248578,-0.178165,-0.627342,-0.167214,2.7347,-0.611379,0.370172,5.355765,-0.611379,0.122141,3.407385,-0.575601,0.877489,3.400643,-0.575601,0.020236,0.020808,0.02158,0.034704,0.0379,0.041329,0.033115,0.035134,0.038232,0.032868,0.034755,0.038108,0.03996,0.042253,0.044141,-0.854423,1.164887,0.002283,5.359537,0.01829,5.407153,-0.003637,7.392779,-0.006625,11.40594
2022-07-14,157.5,159.45,155.25,157.0,67966.0,98.777046,101.449275,98.463468,101.127214,0.5,-0.285805,4.2,-0.94542,0.627461,1.051244,-0.464069,-0.624201,1.051244,0.168248,2.199507,-0.206434,0.723043,0.451175,-0.206434,-0.317794,2.348981,0.013618,0.212718,-0.125861,0.013618,-0.146774,2.725998,-0.051002,0.35592,5.448443,-0.051002,0.133017,3.402566,-0.12309,0.873749,3.424058,-0.12309,0.018157,0.018743,0.019499,0.033335,0.036563,0.040235,0.032769,0.034883,0.037899,0.032796,0.03469,0.038053,0.039927,0.042224,0.044115,0.088101,0.299442,-0.062234,4.467157,0.013937,5.366908,-0.005018,7.335775,-0.007075,11.352724
2022-07-15,156.9,158.4,154.05,155.55,69549.0,99.05303,101.850049,98.200758,100.97371,1.35,-0.923567,4.35,-0.911487,0.622033,-0.019419,-0.743805,0.030206,-0.019419,-0.084488,2.001693,-0.419185,0.919233,1.616602,-0.419185,-0.313222,2.347545,-0.259993,0.207611,-0.1204,-0.259993,-0.15442,2.727105,-0.282038,0.363831,5.438856,-0.282038,0.13378,3.402311,-0.310773,0.873342,3.425166,-0.310773,0.016902,0.018197,0.017631,0.031183,0.034702,0.038543,0.032704,0.034829,0.037576,0.032781,0.03467,0.038022,0.039934,0.042237,0.044124,0.048129,0.304908,-0.01526,3.798694,0.010468,5.377931,-0.005487,7.337645,-0.007415,11.334576
2022-07-18,156.85,160.25,156.6,157.55,71819.0,97.878315,100.159642,98.315133,100.606641,0.7,1.28576,3.65,-0.433273,1.139582,1.508477,0.615613,1.411054,1.508477,0.06009,1.990423,0.615784,0.737556,1.417736,0.615784,-0.225159,2.322662,0.650512,0.14016,-0.063251,0.650512,-0.078382,2.65866,0.513094,0.43515,5.985823,0.513094,0.107763,3.373239,0.349218,0.885746,3.613472,0.349218,0.017068,0.018586,0.018882,0.030927,0.034378,0.038189,0.032523,0.034702,0.037507,0.032539,0.034443,0.037764,0.039642,0.041952,0.043846,0.429431,0.670096,-0.019705,3.750784,0.007363,5.275575,-0.008367,6.939459,-0.006285,11.190185
2022-07-19,158.0,159.75,157.35,158.2,53512.0,98.904538,100.413092,99.029734,100.540197,0.2,0.412567,2.4,-0.270039,1.201658,0.568054,-0.014064,-0.613953,0.568054,0.040718,1.98472,0.187356,0.773765,1.510165,0.187356,-0.20012,2.322654,0.263788,0.107304,-0.068996,0.263788,-0.087008,2.655622,0.18812,0.445289,6.032687,0.18812,0.100492,3.370995,0.092577,0.893336,3.638675,0.092577,0.016707,0.018136,0.018582,0.030849,0.034297,0.038139,0.032329,0.034454,0.037175,0.032085,0.034208,0.036933,0.039522,0.041832,0.043706,0.6075,0.417072,-0.002987,3.741861,0.007359,5.275548,-0.007255,6.937949,-0.005974,11.18782
2022-07-20,159.55,170.35,159.05,167.95,1462806.0,93.660112,100.314367,98.591136,105.595725,8.4,6.163085,11.3,1.330408,2.823638,1.711507,1.784546,3.381344,1.711507,0.547285,2.189959,2.56434,1.426975,1.392871,2.56434,-0.022118,2.461174,2.51311,0.254449,0.174209,2.51311,-0.030693,2.727607,2.270773,0.471632,5.359361,2.270773,0.079959,3.320876,1.831783,0.838264,3.674485,1.831783,0.022405,0.022007,0.022396,0.031335,0.034558,0.038447,0.031621,0.033352,0.036031,0.032165,0.034164,0.036882,0.039282,0.041637,0.043511,1.423391,2.326261,0.021176,4.541214,0.016119,5.882126,-0.003167,7.357085,-0.003536,10.931393
2022-07-21,167.0,173.8,165.3,172.8,623286.0,96.087457,101.028433,99.424626,104.537205,5.8,2.887764,8.5,1.965122,2.724456,0.338652,0.960246,0.778904,0.338652,0.438781,2.000259,1.224334,1.476815,2.186356,1.224334,-0.043272,2.430734,1.205823,0.235348,0.238078,1.205823,0.104224,2.525521,1.102165,1.202694,4.843457,1.102165,0.049085,3.265184,0.869378,0.808098,3.881689,0.869378,0.025139,0.023983,0.024377,0.02217,0.023216,0.024243,0.03095,0.032818,0.03532,0.031637,0.033725,0.036315,0.039154,0.041526,0.043361,1.249999,2.813135,0.125831,3.274524,0.032682,5.567866,-0.007841,6.263244,-0.001763,10.59776
2022-07-22,171.6,175.0,169.05,172.2,338878.0,98.057143,101.508429,98.4,101.863354,0.6,-0.347222,5.95,2.080391,2.580049,-0.940917,1.191944,1.058896,-0.940917,0.479632,1.973967,-0.41888,1.495248,2.311514,-0.41888,0.011185,2.391727,-0.149853,0.21893,0.383117,-0.149853,-0.023781,2.196216,-0.147272,0.175022,0.077851,-0.147272,0.02061,3.243503,-0.113406,0.828876,4.061117,-0.113406,0.025736,0.024943,0.025398,0.021468,0.022289,0.023476,0.030551,0.032738,0.034962,0.030676,0.033074,0.035641,0.039102,0.041486,0.043295,-0.079077,5.312817,0.089291,3.43662,0.024554,5.480397,-0.000625,4.774806,-0.001023,10.464218
2022-07-25,173.0,177.15,168.25,173.5,333544.0,97.657353,102.82318,97.939599,103.120357,0.5,0.754936,8.9,1.974226,2.631333,-0.463373,1.283692,1.015792,-0.463373,0.491909,1.974925,0.133183,1.472509,2.254645,0.133183,0.02398,2.394005,0.305328,0.202239,0.364856,0.305328,0.009239,2.182676,0.341644,0.148378,0.127464,0.341644,0.038304,3.237774,0.221335,0.820081,4.09017,0.221335,0.02856,0.028908,0.028405,0.022289,0.023452,0.024111,0.030354,0.032488,0.034756,0.030779,0.033213,0.035723,0.039134,0.041543,0.043341,-0.582557,4.860386,0.093694,3.413427,0.026559,5.469742,-0.001692,4.71405,-0.001337,10.424812
2022-07-26,173.0,179.85,171.1,176.85,395886.0,96.191271,101.110462,98.331943,103.360608,3.85,1.930836,8.75,2.27788,2.489866,-0.139383,1.004412,1.135186,-0.139383,0.65497,1.951035,0.653943,1.319103,1.907729,0.653943,-0.001826,2.365624,0.816978,0.202351,0.480234,0.816978,0.008945,2.182413,0.880627,0.148516,0.128698,0.880627,0.042764,3.239773,0.582779,0.815254,4.068537,0.582779,0.031283,0.032003,0.031223,0.023158,0.024423,0.024935,0.030347,0.032506,0.034741,0.03078,0.033224,0.035718,0.039132,0.04153,0.043331,-1.059733,2.71348,0.085477,3.373278,0.038875,5.169524,0.000632,4.714964,-0.000903,10.440931
2022-07-27,175.55,181.0,169.6,171.2,340506.0,96.98895,103.508255,94.585635,100.943396,4.35,-3.194798,11.4,0.406303,2.352611,-1.530682,-0.904328,0.64335,-1.530682,0.440655,2.127957,-1.708424,1.006812,1.500997,-1.708424,-0.05402,2.40718,-1.304754,0.210509,0.32104,-1.304754,-0.020495,2.205685,-1.439146,0.153158,0.050009,-1.439146,0.042628,3.23991,-0.999233,0.815152,4.067652,-0.999233,0.030726,0.033631,0.032959,0.023868,0.0253,0.025501,0.030427,0.032679,0.034624,0.030967,0.033436,0.035908,0.039172,0.041607,0.0434,-0.988707,2.472743,0.037373,4.255349,0.029934,5.492023,-0.001428,4.814695,-0.001871,10.432867
2022-07-28,172.5,174.6,168.55,170.2,153480.0,98.797251,102.343518,97.479954,100.978938,2.3,-0.584112,6.05,-0.288072,1.907329,-0.155212,-0.752165,1.144681,-0.155212,0.446382,2.124882,-0.484965,1.004662,1.514739,-0.484965,-0.031509,2.396621,-0.230576,0.190729,0.369803,-0.230576,-0.008459,2.199219,-0.261753,0.142934,0.079261,-0.261753,0.044872,3.239316,-0.194172,0.813649,4.070507,-0.194172,0.029196,0.032865,0.03227,0.024034,0.025456,0.025671,0.030393,0.032615,0.034527,0.030907,0.033367,0.035855,0.03911,0.041524,0.043323,-0.442351,2.518973,0.004744,4.288617,0.024632,5.502561,-0.002834,4.781503,-0.002126,10.425635
2022-07-29,174.5,174.5,165.05,170.85,220424.0,100.0,105.725538,97.908309,103.514087,3.65,0.381904,9.45,-0.142247,1.929421,0.271662,-1.087964,1.56633,0.271662,0.495857,2.11052,-0.053993,0.954436,1.534136,-0.053993,-0.066643,2.376954,0.188706,0.225631,0.486169,0.188706,0.001332,2.19875,0.173085,0.129648,0.079389,0.173085,0.060264,3.233534,0.09947,0.806697,4.103062,0.09947,0.031459,0.035169,0.037426,0.024979,0.026548,0.027412,0.030603,0.032834,0.034836,0.030754,0.033144,0.035836,0.039108,0.041529,0.043389,-0.326101,2.765447,-0.012819,4.226117,0.030919,5.337825,-0.002959,4.778861,-0.002489,10.382808
2022-08-01,172.2,183.5,172.0,180.95,455617.0,93.841962,100.116279,98.610354,105.203488,8.75,5.911618,11.5,0.88909,3.369597,1.490543,0.614108,0.924851,1.490543,0.830048,2.407449,2.110769,0.851498,0.558564,2.110769,0.054381,2.522744,2.321772,0.3216,0.351539,2.321772,0.054154,2.27608,2.573487,0.226074,0.132324,2.573487,0.080585,3.257503,1.790032,0.798697,3.927835,1.790032,0.033169,0.034654,0.037375,0.026043,0.027142,0.02805,0.030857,0.032913,0.034876,0.030715,0.03295,0.035662,0.039126,0.041504,0.043302,1.153827,6.420714,0.044527,5.440098,0.044807,5.818851,0.000933,5.128012,-0.001346,10.552228
2022-08-02,195.35,205.95,190.6,192.95,4233144.0,94.85312,102.49213,93.687788,101.232949,2.4,6.631666,15.35,1.829256,4.268756,1.125014,0.186907,-2.409455,1.125014,0.997883,2.687576,2.096232,0.947817,0.293723,2.096232,0.180305,2.688739,2.399401,0.43034,0.277708,2.399401,0.112225,2.368153,2.752965,0.34613,0.258611,2.752965,0.118717,3.289334,1.980021,0.780878,3.705443,1.980021,0.03679,0.03972,0.055139,0.027305,0.028964,0.034554,0.031395,0.033602,0.037181,0.030983,0.033301,0.036767,0.039216,0.041624,0.043768,2.614866,0.902777,0.166012,5.945546,0.060972,6.310551,0.005307,5.528599,-0.000531,10.764679
2022-08-03,193.7,195.0,186.45,189.6,458947.0,99.333333,103.888442,97.230769,101.689461,4.1,-1.736201,8.55,2.120975,3.870884,-0.996459,0.458354,-2.964189,-0.996459,0.881246,2.755667,-0.949842,0.96352,0.185421,-0.949842,0.150039,2.701855,-0.698128,0.451594,0.237738,-0.698128,0.071456,2.364491,-0.764502,0.386974,0.300855,-0.764502,0.111957,3.291761,-0.56145,0.784486,3.692622,-0.56145,0.034543,0.036997,0.053079,0.027608,0.029228,0.034791,0.031499,0.033704,0.037236,0.031017,0.033318,0.036694,0.039235,0.041654,0.043766,0.394558,11.675644,0.120616,6.730283,0.055475,6.513143,0.005559,5.509158,-0.000883,10.77891
2022-08-04,192.45,194.1,182.2,186.45,319226.0,99.149923,105.625686,96.058733,102.332602,6.0,-1.661392,11.9,1.905519,4.083249,-0.873547,0.444598,-3.055391,-0.873547,0.659287,2.773589,-0.836706,1.148564,0.526673,-0.836706,0.045881,2.668425,-0.639806,0.540335,0.438472,-0.639806,0.048229,2.37004,-0.721347,0.410077,0.288334,-0.721347,0.113884,3.290603,-0.539499,0.784178,3.699711,-0.539499,0.037313,0.039763,0.055305,0.028312,0.029949,0.035511,0.031406,0.033618,0.037176,0.03122,0.033527,0.036904,0.039216,0.041656,0.043736,-1.173441,10.584409,0.114238,6.874232,0.05953,6.240069,0.004887,5.541015,-0.001474,10.766691
2022-08-05,189.2,193.0,187.5,189.3,335324.0,98.031088,100.906667,98.082902,100.96,0.1,1.52856,5.5,2.13485,4.007787,-0.151278,0.206237,-2.938256,-0.151278,0.790377,2.748241,0.268602,1.038528,0.404026,0.268602,0.181631,2.56364,0.525397,0.636166,0.484001,0.525397,0.062419,2.374655,0.617412,0.391895,0.253767,0.617412,0.123041,3.291986,0.426952,0.775174,3.679715,0.426952,0.035057,0.037272,0.052065,0.028137,0.029914,0.035478,0.030806,0.033136,0.036807,0.031219,0.033529,0.036931,0.039135,0.041563,0.04365,-1.705918,7.029574,0.098985,6.849404,0.050028,5.919601,0.005804,5.554525,-0.001325,10.777129
2022-08-08,191.9,197.75,189.75,192.6,606831.0,97.041719,101.13307,97.395702,101.501976,0.7,1.743265,8.0,1.301179,3.415543,0.129433,1.019931,0.905122,0.129433,0.932806,2.718479,0.29813,0.920551,0.302646,0.29813,0.217065,2.572904,0.593182,0.591043,0.397841,0.593182,0.102822,2.368469,0.692618,0.356622,0.25383,0.692618,0.133428,3.293813,0.488746,0.764947,3.655199,0.488746,0.032401,0.036465,0.051761,0.028535,0.030462,0.036068,0.030928,0.033292,0.036996,0.031123,0.033461,0.036893,0.039112,0.041536,0.043638,-0.651204,8.484615,0.082666,6.793402,0.053188,5.898316,0.005373,5.529496,-0.001152,10.79053
2022-08-10,193.8,197.65,193.15,194.95,412618.0,98.052112,100.336526,98.633949,100.931918,1.15,1.220145,4.5,0.218875,1.760633,0.568699,-0.559447,-3.257486,0.568699,1.013993,2.700654,0.076334,0.845816,0.267674,0.076334,0.301833,2.533658,0.362445,0.559925,0.475874,0.362445,0.088155,2.356818,0.480304,0.368501,0.314841,0.480304,0.127947,3.291073,0.331867,0.770607,3.681822,0.331867,0.0256,0.02814,0.030081,0.028577,0.030507,0.036157,0.030518,0.032813,0.036558,0.03094,0.033233,0.036689,0.03902,0.041439,0.043526,0.931735,0.743602,0.065669,6.785468,0.047625,5.818702,0.007602,5.450887,-0.000661,10.775548
2022-08-11,195.9,198.6,192.0,193.55,243564.0,98.640483,102.03125,97.4572,100.807292,2.35,-0.718133,6.6,0.422489,1.5205,-0.750162,-0.754879,-2.037596,-0.750162,1.070044,2.64947,-0.674919,0.881949,0.390655,-0.674919,0.310958,2.529051,-0.406908,0.554549,0.491844,-0.406908,0.056444,2.345987,-0.330171,0.404034,0.388866,-0.330171,0.091142,3.258851,-0.248331,0.787274,3.90467,-0.248331,0.024346,0.027003,0.029052,0.028425,0.030468,0.036094,0.030463,0.032741,0.036512,0.030949,0.033252,0.036699,0.038794,0.041189,0.043284,0.15781,1.799727,-0.004125,6.668142,0.04161,5.90762,0.008557,5.38761,0.000195,10.566884
2022-08-12,193.5,194.4,188.1,189.7,147817.0,99.537037,102.870813,97.582305,100.850611,3.8,-1.98915,6.3,0.356937,1.635515,-1.434464,-0.880014,-1.40256,-1.434464,0.984877,2.721739,-1.092693,0.842074,0.222577,-1.092693,0.237307,2.54156,-0.87602,0.617807,0.505301,-0.87602,0.028838,2.353718,-0.857362,0.428918,0.369451,-0.857362,0.097956,3.253035,-0.641587,0.789847,3.942095,-0.641587,0.019551,0.022012,0.023759,0.028543,0.0305,0.036132,0.030468,0.032719,0.036482,0.030953,0.033235,0.036686,0.038696,0.041089,0.043195,-0.949682,0.336136,-0.069236,6.878084,0.039583,6.004046,0.007775,5.434219,-0.000635,10.527984
2022-08-16,190.9,196.0,189.8,194.0,188358.0,97.397959,100.579557,98.979592,102.212856,3.1,2.266737,6.2,0.504573,1.793411,0.982577,-0.693216,-1.575765,0.982577,1.144392,2.697382,0.416087,0.694715,0.114067,0.416087,0.314193,2.543684,0.767605,0.540291,0.419252,0.767605,0.035137,2.358902,0.946033,0.423457,0.340732,0.946033,0.118683,3.253584,0.660212,0.772784,3.917354,0.660212,0.019912,0.022005,0.022863,0.028625,0.030547,0.036204,0.03038,0.032626,0.036412,0.03089,0.033143,0.036609,0.038668,0.041065,0.043171,-0.216235,2.479542,-0.081057,6.693617,0.039914,6.009159,0.010079,5.424133,-0.000609,10.531645
2022-08-17,194.9,198.0,193.65,196.45,167855.0,98.434343,100.645494,99.217172,101.445908,1.55,1.262887,4.35,0.408497,1.721904,0.496189,-0.623398,-1.238895,0.496189,1.143248,2.697324,0.044355,0.69617,0.11584,0.044355,0.394066,2.508578,0.34634,0.502928,0.499745,0.34634,0.012961,2.336502,0.534956,0.433255,0.440945,0.534956,0.124997,3.254578,0.349627,0.766418,3.90284,0.349627,0.017581,0.018953,0.018973,0.028613,0.030518,0.036082,0.030101,0.03241,0.036217,0.030811,0.033064,0.036524,0.036415,0.038129,0.040657,0.307035,2.183422,-0.077132,6.713963,0.034689,5.916516,0.012896,5.266071,-0.000456,10.538624
2022-08-18,197.0,200.0,195.55,198.4,252242.0,98.5,100.741498,99.2,101.457428,1.4,0.992619,4.45,0.362992,1.697932,0.37082,-0.544684,-1.093385,0.37082,1.172251,2.692167,-0.066724,0.665426,0.107155,-0.066724,0.39805,2.509384,0.236938,0.497685,0.491621,0.236938,0.002807,2.329942,0.424823,0.444562,0.483433,0.424823,0.103304,3.234096,0.274981,0.780321,4.066875,0.274981,0.017531,0.018859,0.018473,0.0287,0.030616,0.036145,0.029896,0.032147,0.036002,0.030791,0.03304,0.036364,0.036301,0.038018,0.040543,0.667354,1.415655,-0.090821,6.611117,0.037075,5.884812,0.014687,5.194595,0.000458,10.406379
2022-08-19,198.95,200.0,195.0,197.5,228194.0,99.475,102.025641,98.75,101.282051,1.45,-0.453629,5.0,0.415893,1.659513,-0.523962,-0.677292,-0.354538,-0.523962,0.841415,2.441457,-0.530439,0.829976,1.0086,-0.530439,0.419859,2.496868,-0.349833,0.487071,0.538938,-0.349833,-0.000991,2.330377,-0.194234,0.449225,0.483807,-0.194234,0.064682,3.193945,-0.162279,0.789377,4.338045,-0.162279,0.016467,0.017682,0.017377,0.027392,0.029756,0.03538,0.02984,0.0321,0.035972,0.030804,0.033065,0.036358,0.035869,0.037602,0.040189,0.179692,2.138608,-0.035245,5.621374,0.030315,5.91828,0.01437,5.204295,0.001456,10.143218
2022-08-22,197.3,202.0,194.55,198.05,404057.0,97.673267,101.413518,98.044554,101.799023,0.75,0.278481,7.45,0.869419,1.027394,-0.575181,0.103258,-0.12134,-0.575181,0.710951,2.395637,-0.180524,1.023028,1.579255,-0.180524,0.374998,2.478419,-0.038943,0.541633,0.679703,-0.038943,0.043655,2.291835,0.102462,0.475415,0.570223,0.102462,0.041179,3.174838,0.074745,0.807324,4.511731,0.074745,0.017168,0.019355,0.018889,0.027026,0.029666,0.035264,0.02977,0.032202,0.035968,0.030659,0.03301,0.036293,0.035861,0.037604,0.040141,-0.569303,0.19622,-0.010976,5.448118,0.035129,5.762714,0.011999,5.080009,0.002228,10.012645
2022-08-23,195.3,203.4,193.4,200.9,372691.0,96.017699,100.98242,98.770895,103.877973,5.6,1.439031,10.0,0.703878,0.783756,0.937987,-0.892945,-0.630651,0.937987,0.800263,2.387394,0.267558,0.915651,1.467369,0.267558,0.441571,2.460992,0.405308,0.486948,0.712692,0.405308,0.040055,2.289331,0.611085,0.479478,0.587171,0.611085,0.024411,3.15843,0.447887,0.819218,4.661247,0.447887,0.020089,0.021994,0.022022,0.027471,0.029975,0.035616,0.030052,0.032477,0.03621,0.030751,0.033081,0.03635,0.035726,0.037431,0.04,-0.036185,0.488801,-0.017283,5.404734,0.032087,5.720943,0.013892,5.027819,0.003153,9.892659
2022-08-24,200.8,203.0,198.85,199.75,122741.0,98.916256,100.980639,98.399015,100.452602,1.05,-0.572424,4.15,0.336815,0.880324,-1.032847,0.229244,-2.308094,-1.032847,0.733895,2.407089,-0.542697,0.974445,1.439646,-0.542697,0.53162,2.334125,-0.473001,0.729015,0.782514,-0.473001,0.038623,2.289673,-0.266871,0.48107,0.586264,-0.266871,0.043586,3.142992,-0.195995,0.827059,4.772503,-0.195995,0.019968,0.021904,0.02192,0.026729,0.029024,0.034914,0.029725,0.032247,0.035951,0.030648,0.033014,0.036172,0.03562,0.037342,0.039918,-0.123743,0.589351,-0.037609,5.457343,0.016191,5.284582,0.013244,5.044024,0.002396,9.809866
2022-08-25,201.3,204.85,200.25,202.6,213715.0,98.267025,100.524345,98.901635,101.173533,1.3,1.426783,4.6,0.423648,0.977258,1.02648,0.174024,-2.994042,1.02648,0.708693,2.396512,0.29964,1.016587,1.576044,0.29964,0.552427,2.337439,0.374066,0.6993,0.732958,0.374066,0.027789,2.280405,0.613485,0.490705,0.642674,0.613485,0.056174,3.143467,0.436018,0.81522,4.754458,0.436018,0.019986,0.021941,0.022254,0.026056,0.028313,0.034432,0.029597,0.03208,0.035832,0.030353,0.032687,0.035803,0.035591,0.037309,0.039891,0.290992,0.594673,-0.008811,5.453526,0.017942,5.287308,0.015566,4.946337,0.002432,9.81227
2022-08-26,203.7,207.5,199.1,200.2,316745.0,98.168675,102.310397,96.481928,100.552486,3.5,-1.1846,8.4,0.277454,1.17581,-1.243445,-0.167546,-2.338868,-1.243445,0.809203,2.262595,-0.881202,1.325838,1.98707,-0.881202,0.493444,2.34343,-0.716063,0.761022,0.777119,-0.716063,0.007534,2.282104,-0.522384,0.51477,0.650768,-0.522384,0.043233,3.14322,-0.390629,0.827176,4.770657,-0.390629,0.021826,0.023854,0.024239,0.025167,0.027293,0.033596,0.02966,0.032157,0.035912,0.030366,0.032687,0.035802,0.03551,0.037199,0.03978,-0.293841,0.933338,-0.097492,4.54734,0.016823,5.322891,0.015339,4.959869,0.00245,9.810432
2022-08-29,194.0,204.0,194.0,197.4,383645.0,95.098039,100.0,96.764706,101.752577,3.4,-1.398601,10.0,-0.057962,1.394342,-0.961485,0.407627,-3.107882,-0.961485,0.768478,2.296076,-0.943819,1.288886,1.834049,-0.943819,0.542395,2.275511,-0.852994,0.899215,0.891538,-0.852994,-0.005471,2.286414,-0.609308,0.52688,0.636432,-0.609308,0.015603,3.131403,-0.45162,0.851557,4.904743,-0.45162,0.023595,0.025655,0.030939,0.025622,0.027832,0.034991,0.02925,0.031782,0.036013,0.030452,0.032781,0.03605,0.035451,0.037124,0.03978,-0.628744,0.764713,-0.151032,4.249913,0.001744,5.073756,0.01444,5.001676,0.00285,9.72958
2022-08-30,198.5,210.0,198.5,204.95,1463990.0,94.52381,100.0,97.595238,103.24937,6.45,3.824721,11.5,0.419176,2.206394,1.543489,1.140984,0.124741,1.543489,0.940619,2.392597,1.205428,1.020982,0.804709,1.205428,0.536267,2.266041,1.451189,0.899151,0.927178,1.451189,-0.006998,2.283777,1.6778,0.524704,0.640776,1.6778,0.014551,3.130081,1.217276,0.852054,4.916627,1.217276,0.02454,0.026532,0.031891,0.025648,0.027664,0.034278,0.028588,0.031204,0.035558,0.030127,0.032372,0.035564,0.035411,0.037099,0.039771,0.596891,3.181982,-0.113475,5.010146,0.018256,4.962838,0.019129,4.858582,0.004025,9.69443
2022-09-01,204.95,211.0,204.95,209.85,602471.0,97.132701,100.0,99.454976,102.390827,4.9,2.390827,6.05,1.011826,2.270499,0.607356,0.012436,-2.201318,0.607356,0.76458,2.121796,0.766449,1.007801,1.679942,0.766449,0.616199,2.259419,0.785436,0.82635,0.832151,0.785436,0.032495,2.290813,1.029474,0.482127,0.569225,1.029474,0.021371,3.133781,0.756101,0.844485,4.873208,0.756101,0.025149,0.02655,0.031921,0.024444,0.026803,0.033537,0.028517,0.031044,0.035355,0.030078,0.032287,0.035502,0.035335,0.036984,0.039677,0.693741,3.16158,-0.014268,4.270147,0.017374,4.940014,0.019613,4.874818,0.004532,9.703028
2022-09-02,210.6,215.45,208.7,213.95,626479.0,97.748898,100.910398,99.303783,102.515573,3.35,1.953777,6.75,1.117225,2.306523,0.36269,-0.190863,-2.479736,0.36269,0.530685,1.645339,0.864923,0.009031,-0.925951,0.864923,0.639275,2.267212,0.579788,0.790404,0.744264,0.579788,0.082495,2.277463,0.821652,0.455088,0.58076,0.821652,0.05474,3.118536,0.608951,0.843552,4.964747,0.608951,0.025852,0.027178,0.03221,0.02253,0.024329,0.026232,0.028582,0.031104,0.035407,0.02981,0.031994,0.035243,0.035245,0.036873,0.039549,1.006618,2.229479,0.095358,2.269435,0.020971,4.945862,0.018888,4.837687,0.004105,9.620459
2022-09-05,224.0,242.8,218.0,231.25,10756251.0,92.257002,102.752294,95.242998,106.077982,7.25,8.086001,24.8,2.971345,3.440815,1.486466,0.50855,1.37026,1.486466,1.021795,2.277533,3.101693,1.46542,3.902609,3.101693,0.88036,2.404039,2.997307,1.130023,1.173902,2.997307,0.156181,2.413361,3.285799,0.664709,1.028172,3.285799,0.131198,3.127081,2.543843,0.912064,4.857682,2.543843,0.037183,0.040909,0.048011,0.02609,0.028655,0.031607,0.029644,0.032498,0.037083,0.030467,0.03278,0.036175,0.035229,0.036971,0.039757,1.709826,3.624358,0.167498,3.994943,0.027209,5.50964,0.024028,5.285002,0.00421,9.670676
2022-09-06,234.2,235.3,216.05,217.9,1951522.0,99.532512,108.400833,92.605185,100.856283,16.3,-5.772973,19.25,2.096471,5.022362,-1.566881,-0.879099,2.080456,-1.566881,0.816216,2.682105,-2.456723,0.261028,3.283743,-2.456723,0.663743,2.505748,-2.56878,0.772298,1.714355,-2.56878,0.089362,2.483783,-2.360244,0.551634,0.985883,-2.360244,0.113316,3.150596,-1.86831,0.877635,4.706814,-1.86831,0.041543,0.042079,0.046369,0.027201,0.02867,0.031641,0.026777,0.028469,0.032261,0.030845,0.032964,0.036355,0.035354,0.037034,0.039813,-1.350021,16.53418,0.028064,6.807815,0.021785,6.054369,0.020962,5.741361,0.002977,9.847075
2022-09-07,218.3,225.0,216.1,217.95,1492673.0,97.022222,101.018047,96.866667,100.856085,0.35,0.022946,8.9,1.336116,4.982932,-0.263533,-0.17718,1.396373,-0.263533,0.740935,2.682188,-0.267688,0.351977,3.325413,-0.267688,0.687487,2.493669,-0.266491,0.761833,1.77147,-0.266491,0.097138,2.482331,-0.029888,0.543419,0.988141,-0.029888,0.12231,3.147742,-0.031567,0.872463,4.724072,-0.031567,0.040181,0.041172,0.045425,0.027462,0.029013,0.031866,0.026606,0.02825,0.032141,0.030898,0.033042,0.036433,0.035372,0.037067,0.03985,-1.246251,16.757403,0.027979,6.808398,0.0158,6.042027,0.020411,5.753215,0.002679,9.834814
2022-09-08,220.0,221.85,214.6,216.65,578903.0,99.166103,102.516309,97.656074,100.955266,3.35,-0.596467,7.25,0.738657,5.003901,-0.266817,0.397672,1.406025,-0.266817,0.623949,2.68719,-0.454161,0.484984,3.366194,-0.454161,0.66537,2.500176,-0.504699,0.780674,1.751036,-0.504699,0.079891,2.481086,-0.272606,0.564553,1.012124,-0.272606,0.139403,3.134417,-0.234771,0.878724,4.821596,-0.234771,0.040412,0.041784,0.046063,0.027264,0.028678,0.031456,0.026666,0.02832,0.032115,0.030873,0.032998,0.036346,0.035324,0.037054,0.039836,-1.316354,16.565645,0.0247,6.839656,0.012343,6.094136,0.020624,5.739817,0.001948,9.762797
2022-09-09,218.4,223.5,216.15,221.05,690219.0,97.718121,101.040944,98.903803,102.266944,2.65,2.030925,7.35,0.754087,5.008701,0.254924,0.382333,1.356809,0.254924,0.664488,2.702729,0.505577,0.434288,3.179852,0.505577,0.732596,2.49059,0.521294,0.719794,1.730893,0.521294,0.096562,2.488602,0.777289,0.543897,0.951342,0.777289,0.187507,3.08869,0.596829,0.951848,5.033561,0.596829,0.040505,0.042004,0.046343,0.027458,0.028897,0.031615,0.026776,0.028453,0.032226,0.030873,0.03299,0.036342,0.035124,0.036959,0.03974,-0.693365,19.108163,0.054213,6.84178,0.010668,6.055276,0.021955,5.729572,0.001065,9.48852
2022-09-12,224.0,226.05,218.0,219.35,1862213.0,99.093121,102.752294,97.036054,100.619266,4.65,-0.769057,8.05,-1.016925,2.882227,0.085999,-1.35833,2.852772,0.085999,0.661942,2.704123,-0.529191,0.435859,3.168789,-0.529191,0.695385,2.499003,-0.58601,0.754409,1.715175,-0.58601,0.101921,2.486129,-0.350335,0.540334,0.96165,-0.350335,0.134501,3.012366,-0.29995,0.912623,5.403513,-0.29995,0.029969,0.027917,0.029187,0.027515,0.028873,0.031718,0.026632,0.028272,0.03201,0.030673,0.032726,0.036134,0.03476,0.036617,0.039443,1.201581,3.758194,0.011903,6.941957,0.008014,6.106742,0.020591,5.765737,0.002376,9.01015
2022-09-13,221.5,222.35,218.5,219.5,346849.0,99.61772,101.372998,98.718237,100.457666,2.0,0.068384,3.85,0.151346,1.11384,-0.074483,1.640171,2.972944,-0.074483,0.764818,2.636243,-0.264177,0.399059,3.723646,-0.264177,0.710726,2.492617,-0.257698,0.74437,1.743359,-0.257698,0.113623,2.483158,-0.018219,0.529024,0.969973,-0.018219,0.134843,3.012354,-0.022062,0.91229,5.403219,-0.022062,0.019866,0.021843,0.02348,0.027258,0.028638,0.031595,0.026565,0.028175,0.031959,0.030523,0.032548,0.035957,0.034594,0.036426,0.039205,-0.008171,0.992377,-0.038436,6.553166,0.003125,6.086845,0.019842,5.776371,0.002346,9.010556
2022-09-14,217.0,222.9,216.65,221.1,325939.0,97.353073,100.161551,99.192463,102.054004,4.1,0.728929,6.25,0.292543,1.137979,0.383475,0.968706,0.248178,0.383475,0.687928,2.61245,0.015695,0.497087,4.049129,0.015695,0.737456,2.485347,-0.003431,0.720482,1.765128,-0.003431,0.131311,2.481158,0.240863,0.509674,0.967176,0.240863,0.128936,3.010012,0.199333,0.919366,5.436268,0.199333,0.018316,0.01919,0.021086,0.027183,0.028509,0.031577,0.026603,0.028185,0.031929,0.030438,0.032425,0.035863,0.034517,0.036323,0.03912,0.068825,1.026524,-0.015234,6.475934,-6.1e-05,6.053409,0.019508,5.777475,0.002703,8.990524
2022-09-15,222.0,226.95,219.75,220.4,1069379.0,97.818903,101.023891,97.113902,100.295791,1.6,-0.316599,7.2,0.348517,1.089155,-0.610671,1.001363,0.700237,-0.610671,0.608954,2.618022,-0.353531,0.590581,4.066662,-0.353531,0.746568,2.48053,-0.428605,0.71637,1.789828,-0.428605,0.128145,2.481529,-0.179222,0.513291,0.967475,-0.179222,0.158151,2.976842,-0.159481,0.968536,5.678158,-0.159481,0.018189,0.019389,0.021644,0.027364,0.028751,0.031884,0.026584,0.028182,0.031958,0.030305,0.032249,0.035622,0.034372,0.03618,0.038979,-0.319706,0.744583,-0.020506,6.497357,-0.006238,6.021862,0.019162,5.790437,0.001688,8.807781
2022-09-16,221.0,229.7,219.55,222.9,1106214.0,96.212451,100.660442,97.039617,101.525848,1.9,1.134301,10.15,0.169192,0.769936,1.253493,0.121133,-1.609831,1.253493,0.616038,2.619306,0.197863,0.580986,4.044017,0.197863,0.703755,2.454335,0.175423,0.770913,2.036313,0.175423,0.152248,2.479458,0.396076,0.487381,0.959912,0.396076,0.146128,2.967962,0.332947,0.98221,5.79051,0.332947,0.019938,0.02177,0.024319,0.027865,0.029404,0.032575,0.026553,0.028216,0.031999,0.030306,0.03226,0.03565,0.033745,0.035375,0.038097,0.342173,0.240076,-0.006943,6.516125,0.000866,5.903128,0.018909,5.788299,0.002343,8.74645
2022-09-19,225.6,242.0,222.8,238.4,2289517.0,93.22314,101.256732,98.512397,107.001795,12.8,6.953791,19.2,1.713761,2.983002,1.75663,2.03919,4.302912,1.75663,0.986409,2.961454,2.015018,0.558758,2.141049,2.015018,0.8309,2.608492,2.347291,0.782133,1.484203,2.347291,0.19467,2.558713,2.64161,0.576003,0.964171,2.64161,0.168494,3.002298,2.260034,0.983109,5.497944,2.260034,0.028206,0.028714,0.030064,0.029802,0.03101,0.034009,0.027323,0.028819,0.03254,0.030656,0.032546,0.035889,0.033878,0.035488,0.038197,1.417619,3.099357,0.066707,8.183744,0.01531,6.619337,0.024501,5.981348,0.003711,8.92281
2022-09-20,243.75,244.45,228.0,228.95,1516996.0,99.713643,106.907895,93.659235,100.416667,14.8,-3.963926,16.45,0.907299,3.93288,-1.23859,0.709908,1.93722,-1.23859,0.774289,3.160103,-1.499386,0.459825,1.392104,-1.499386,0.696066,2.679089,-1.739394,0.749303,1.387108,-1.739394,0.181431,2.576888,-1.608668,0.550028,0.919587,-1.608668,0.136571,3.012158,-1.361315,0.990375,5.445498,-1.361315,0.033521,0.031345,0.033729,0.030825,0.031179,0.034607,0.02772,0.028871,0.032761,0.030848,0.032574,0.035973,0.033984,0.035522,0.03824,-0.211532,12.284543,-0.01519,9.479265,0.008796,7.017857,0.020312,6.230157,0.003434,8.988418
2022-09-21,240.3,248.8,228.7,231.4,6217709.0,96.583601,105.072147,93.006431,101.180586,8.9,1.070103,20.1,0.975534,3.931971,0.024051,0.623689,1.807493,0.024051,0.755842,3.157094,0.099541,0.48012,1.424376,0.099541,0.739333,2.667044,0.124021,0.715278,1.413591,0.124021,0.185543,2.577986,0.343121,0.5448,0.909262,0.343121,0.162798,2.997224,0.302715,0.994003,5.557894,0.302715,0.039714,0.039093,0.045904,0.03213,0.032771,0.037484,0.028454,0.029737,0.034117,0.031228,0.032989,0.036647,0.034109,0.035693,0.03854,-0.232482,12.26022,-0.000468,9.468871,0.005294,6.965026,0.02113,6.207535,0.002924,8.909944
2022-09-22,239.75,245.5,228.1,229.2,5629356.0,97.657841,105.107409,93.360489,100.482245,10.55,-0.950735,17.4,0.848707,3.99381,-0.450558,0.721372,1.512616,-0.450558,0.736927,3.16659,-0.532959,0.490888,1.383156,-0.532959,0.742424,2.664951,-0.635343,0.714968,1.422907,-0.635343,0.204988,2.561796,-0.451138,0.548985,0.971646,-0.451138,0.155167,2.99811,-0.368866,1.000561,5.55817,-0.368866,0.043498,0.042571,0.051111,0.033498,0.034055,0.039405,0.029075,0.030314,0.034979,0.0314,0.033153,0.036971,0.034236,0.035808,0.038724,-1.005376,10.73885,-0.045821,9.456117,-0.0032,6.957792,0.018588,6.209286,0.00282,8.917225
2022-09-23,231.5,234.8,227.0,232.1,1324462.0,98.594549,101.982379,98.850085,102.246696,0.6,1.265271,7.8,0.874901,3.996579,0.097676,0.687422,1.431034,0.097676,0.728851,3.164943,0.169488,0.499826,1.399547,0.169488,0.775802,2.660752,0.183959,0.681015,1.413204,0.183959,0.215307,2.563989,0.409504,0.535986,0.948984,0.409504,0.164491,2.998651,0.367092,0.990936,5.539406,0.367092,0.042744,0.041561,0.050129,0.033666,0.034294,0.039615,0.029167,0.030437,0.035105,0.031417,0.033178,0.036999,0.034137,0.03568,0.038598,-0.836385,11.379038,-0.02738,9.491096,-0.004777,6.933259,0.019235,6.200021,0.002871,8.919467
2022-09-26,231.0,236.1,221.4,232.75,3134512.0,97.839898,104.336043,98.58111,105.126468,1.75,0.280052,14.7,-0.459847,2.143815,0.345132,-1.4388,1.791423,0.345132,0.802084,3.135143,-0.16651,0.449461,1.523654,-0.16651,0.818186,2.635002,-0.204225,0.671541,1.524926,-0.204225,0.231041,2.559461,0.019149,0.522128,0.962758,0.019149,0.16918,2.998092,0.036981,0.986855,5.539469,0.036981,0.040401,0.041087,0.050115,0.034309,0.035233,0.040475,0.029475,0.03092,0.035541,0.031348,0.033094,0.036902,0.034227,0.035799,0.038714,0.868312,2.168821,-0.064004,9.201456,-0.012347,6.772621,0.018359,6.204492,0.002765,8.918135
2022-09-27,236.2,238.0,228.65,230.0,799757.0,99.243697,103.30199,96.638655,100.590422,6.2,-1.181525,9.35,0.096633,1.126684,-1.134443,-0.207529,-2.85187,-1.134443,0.812937,3.12749,-0.63772,0.446654,1.559615,-0.63772,0.800271,2.645684,-0.749068,0.676965,1.475608,-0.749068,0.241238,2.551692,-0.557577,0.521856,0.995738,-0.557577,0.160927,2.999534,-0.447554,0.993302,5.534294,-0.447554,0.03739,0.040149,0.048751,0.034066,0.034793,0.039378,0.029585,0.030977,0.035653,0.031217,0.032988,0.036784,0.034258,0.035823,0.038742,-0.327247,0.801352,-0.127089,8.755091,-0.019756,6.778369,0.016045,6.231496,0.002608,8.92954
2022-09-28,227.1,234.8,227.1,231.05,952492.0,96.720613,100.0,98.402896,101.739322,3.95,0.456522,7.7,-0.026083,1.022772,0.47186,-0.015025,-1.880211,0.47186,0.644527,3.046409,-0.061714,0.611143,2.197255,-0.061714,0.827873,2.634508,-0.140957,0.658784,1.520406,-0.140957,0.257326,2.547887,0.078181,0.506561,1.005686,0.078181,0.156893,2.998586,0.099923,0.998074,5.550522,0.099923,0.031086,0.033175,0.038239,0.033517,0.03425,0.038938,0.029626,0.031004,0.035752,0.031203,0.032972,0.036667,0.034263,0.035822,0.038751,0.036772,0.834145,-0.084626,8.578457,-0.024787,6.673876,0.015329,6.231018,0.002819,8.920079
2022-09-29,234.9,241.0,230.1,232.15,1474520.0,97.46888,102.08605,96.327801,100.890917,2.75,0.476087,10.9,0.259281,0.890825,0.243377,-1.152312,2.59415,0.243377,0.54879,3.018601,-0.024085,0.722612,2.508445,-0.024085,0.81168,2.634124,-0.127402,0.678121,1.540976,-0.127402,0.29326,2.525048,0.072405,0.501476,1.090743,0.072405,0.158324,2.99867,0.105968,0.99655,5.547615,0.105968,0.027037,0.030334,0.033055,0.033864,0.034836,0.039614,0.029821,0.031248,0.035997,0.031201,0.03302,0.036751,0.034304,0.035874,0.038812,-0.14019,0.595549,-0.059459,8.538803,-0.024493,6.674909,0.013414,6.16219,0.002871,8.919583
2022-09-30,232.0,236.95,231.95,234.9,782438.0,97.910952,100.021556,99.134839,101.271826,2.9,1.184579,5.0,0.243143,0.868495,1.083985,-1.29423,2.787841,1.083985,0.51033,3.004626,0.224403,0.769987,2.665791,0.224403,0.82712,2.634,0.13571,0.660032,1.524842,0.13571,0.3135,2.523989,0.34512,0.478944,1.081096,0.34512,0.163706,2.999546,0.340343,0.990444,5.530387,0.340343,0.026105,0.028984,0.031678,0.033715,0.034662,0.03949,0.029848,0.031265,0.036014,0.031113,0.032898,0.036591,0.034227,0.035769,0.038718,0.346667,0.363072,-0.028193,8.54996,-0.024593,6.673243,0.013257,6.160384,0.003017,8.92195
2022-10-03,235.0,262.45,234.9,255.5,7747389.0,89.540865,100.042571,97.351877,108.769689,20.5,8.769689,27.55,1.94107,3.914811,1.744304,1.952326,4.129812,1.744304,0.544515,3.097797,2.655169,0.918883,2.967923,2.655169,0.879252,2.764335,2.854371,0.863415,1.874866,2.854371,0.428567,2.642999,3.155931,0.637179,1.356472,3.155931,0.193898,3.05539,2.806775,1.017592,5.202117,2.806775,0.035645,0.033477,0.035565,0.033899,0.033214,0.03724,0.030752,0.031933,0.036615,0.031189,0.03265,0.036317,0.03446,0.035922,0.038872,2.063049,3.748256,0.209414,7.658377,0.007163,7.47803,0.016431,6.690625,0.004688,9.215461
2022-10-04,262.0,272.0,254.35,269.15,5054241.0,96.323529,103.007667,98.952206,105.818754,7.15,5.342466,17.65,3.245869,3.694908,0.567429,1.04119,-0.70478,0.567429,1.100287,2.895211,1.46524,1.351161,2.309584,1.46524,0.928346,2.821931,1.56422,0.83369,1.547053,1.56422,0.442537,2.665373,1.838365,0.646131,1.286108,1.838365,0.228376,3.074424,1.66343,0.989594,4.993876,1.66343,0.038463,0.037534,0.040415,0.03315,0.033468,0.037726,0.030984,0.032295,0.037083,0.030967,0.032557,0.036204,0.034527,0.036001,0.038984,1.806549,4.394636,0.178206,6.907195,0.022584,7.697817,0.021482,6.648655,0.005194,9.314915
2022-10-06,265.55,267.6,256.5,259.0,2100701.0,99.233931,103.528265,96.786248,100.974659,6.55,-3.771131,11.1,2.400338,4.808654,-1.283409,0.149474,-0.548675,-1.283409,0.910583,3.087436,-1.516376,1.092036,1.730544,-1.516376,0.859868,2.894135,-1.600132,0.757593,1.324958,-1.600132,0.435526,2.675608,-1.572225,0.629829,1.26045,-1.572225,0.223156,3.080347,-1.2967,0.982405,4.949321,-1.2967,0.039098,0.038104,0.040672,0.033195,0.03335,0.037637,0.031053,0.032314,0.037141,0.030803,0.032527,0.036059,0.034532,0.036,0.038986,-0.433655,18.122406,0.091604,8.776636,0.008402,8.193798,0.01685,6.850718,0.004151,9.383661
2022-10-07,260.4,261.6,249.45,253.55,1256785.0,99.541284,104.389657,96.922783,101.643616,6.85,-2.104247,12.15,1.884271,5.190123,-0.768482,0.366915,-1.683192,-0.768482,0.835194,3.144061,-0.934919,1.068912,1.540211,-0.934919,0.802684,2.92434,-0.994047,0.773339,1.228572,-0.994047,0.413332,2.687471,-0.936784,0.638125,1.21416,-0.936784,0.231739,3.071401,-0.76056,0.991923,5.017658,-0.76056,0.039208,0.037679,0.03958,0.033508,0.033645,0.037876,0.031007,0.032169,0.037053,0.030683,0.032329,0.035915,0.034488,0.035962,0.038958,-1.911847,14.239583,0.02474,9.370513,0.001171,8.380443,0.015147,6.959106,0.003194,9.352334
2022-10-10,250.3,266.95,248.5,260.55,2541490.0,93.762877,100.724346,97.602547,104.849095,10.25,2.760797,18.45,2.199515,5.184866,0.108254,0.066597,-1.816505,0.108254,0.871687,3.16285,0.597281,1.02155,1.369695,0.597281,0.819283,2.933216,0.661906,0.753769,1.160639,0.661906,0.408728,2.683003,0.876655,0.64166,1.240906,0.876655,0.226537,3.066203,0.826514,0.996958,5.072253,0.826514,0.043295,0.042126,0.044013,0.034571,0.034699,0.03887,0.031313,0.032443,0.037343,0.030834,0.032474,0.036057,0.034172,0.035651,0.038598,-1.94645,13.928937,0.071128,9.335222,0.008541,8.416492,0.018243,6.849207,0.00411,9.298298
2022-10-11,261.8,265.35,252.7,254.2,987079.0,98.662144,103.601108,95.798003,100.593589,7.6,-2.437152,12.65,-0.041854,3.896928,-0.614663,0.730345,-1.785122,-0.614663,0.788283,3.229682,-0.998685,0.99032,1.171464,-0.998685,0.834436,2.91395,-1.122733,0.77847,1.21208,-1.122733,0.390208,2.696292,-1.04861,0.641644,1.18727,-1.04861,0.223025,3.068862,-0.866828,0.995843,5.05087,-0.866828,0.03405,0.03545,0.037488,0.034849,0.034964,0.039001,0.0311,0.032129,0.037058,0.030765,0.032405,0.035854,0.034165,0.035641,0.038581,-0.902731,10.51899,-0.002048,9.909163,-0.008952,8.304596,0.01595,6.985307,0.003416,9.331921
2022-10-12,255.5,269.4,253.05,266.3,2314719.0,94.840386,100.968188,98.849295,105.236119,10.8,4.760031,16.35,-0.15834,3.699444,1.32949,0.637755,-2.197552,1.32949,1.022865,3.343037,1.117896,0.757304,0.404926,1.117896,0.941319,2.958526,1.290748,0.682868,0.906898,1.290748,0.454905,2.722886,1.58109,0.597607,1.02714,1.58109,0.243743,3.085473,1.463726,0.975625,4.875111,1.463726,0.033429,0.033499,0.033734,0.035772,0.035796,0.039645,0.031409,0.03236,0.037241,0.030905,0.032488,0.035902,0.034255,0.035715,0.038642,1.672942,5.351237,0.043325,10.554689,-0.003189,8.575702,0.017273,7.091347,0.004153,9.415059
2022-10-13,267.4,267.6,256.5,257.5,856454.0,99.925262,104.249513,96.22571,100.389864,9.9,-3.304544,11.1,-0.065023,3.589789,-0.902427,0.71221,-2.242685,-0.902427,0.821191,3.480537,-1.185373,0.752062,0.177912,-1.185373,0.86759,3.018087,-1.382377,0.660535,0.749043,-1.382377,0.400474,2.743218,-1.35061,0.616254,0.991092,-1.35061,0.235574,3.092721,-1.144661,0.970324,4.819746,-1.144661,0.033429,0.032564,0.032472,0.03602,0.035851,0.039635,0.031258,0.03204,0.036713,0.030933,0.03244,0.035779,0.034274,0.035717,0.038644,-0.040136,10.306045,-0.023136,11.490633,-0.014549,8.88259,0.016061,7.235061,0.003335,9.480037
2022-10-14,262.0,266.2,261.0,263.8,653568.0,98.422239,100.383142,99.098422,101.072797,1.8,2.446602,5.2,0.845147,3.519734,0.454993,-0.340958,-2.563188,0.454993,0.959351,3.48783,0.426411,0.62319,0.014604,0.426411,0.79829,2.93864,0.56091,0.685073,1.060967,0.56091,0.426336,2.750257,0.734574,0.58707,0.929157,0.734574,0.254038,3.094853,0.708455,0.952649,4.775758,0.708455,0.031344,0.030404,0.031252,0.035857,0.035625,0.039547,0.030817,0.031736,0.036505,0.030837,0.03233,0.035693,0.034251,0.0357,0.038643,-0.149578,9.866075,-0.017881,11.546082,0.001519,8.462411,0.016949,7.248912,0.003441,9.490754
2022-10-17,264.0,271.35,261.6,268.55,1600395.0,97.291321,100.917431,98.968122,102.656728,4.55,1.800607,9.75,0.653109,3.413682,0.336147,-0.156581,-2.172427,0.336147,0.992667,3.492768,0.231318,0.589565,-0.033743,0.231318,0.701669,2.819951,0.389701,0.695159,1.497001,0.389701,0.440987,2.753668,0.493749,0.569885,0.897118,0.493749,0.268203,3.095419,0.495055,0.939258,4.752539,0.495055,0.026627,0.025442,0.025864,0.035679,0.035318,0.039159,0.030267,0.030976,0.034067,0.030836,0.032316,0.03565,0.034271,0.035722,0.03866,0.616209,8.563155,-0.003101,11.589139,0.018163,7.724382,0.01771,7.245514,0.003478,9.493387
2022-10-18,272.25,277.9,264.0,264.8,1680175.0,97.966895,103.125,95.286074,100.30303,7.45,-1.396388,13.9,0.861262,3.203396,-0.704767,-0.250008,-1.289801,-0.704767,0.575158,3.232039,-0.610001,0.786653,0.791695,-0.610001,0.708465,2.81436,-0.747898,0.696774,1.521176,-0.747898,0.429252,2.759021,-0.661698,0.576694,0.878417,-0.661698,0.250499,3.09476,-0.532153,0.955272,4.781016,-0.532153,0.02696,0.026068,0.027419,0.034601,0.034442,0.038533,0.030341,0.031038,0.034195,0.030925,0.032398,0.035741,0.03429,0.035743,0.038688,-0.720769,7.170384,0.056893,9.816151,0.007256,7.751244,0.016216,7.316958,0.003513,9.488528
2022-10-19,266.7,274.95,263.3,269.05,1461408.0,96.999454,101.291303,97.854155,102.183821,2.35,1.604985,11.65,0.230252,2.470266,0.556512,-0.859996,-1.390197,0.556512,0.853603,3.05547,0.245914,0.820372,1.094161,0.245914,0.773792,2.796078,0.297271,0.651149,1.564282,0.297271,0.409837,2.743652,0.435605,0.593797,0.967816,0.435605,0.253985,3.095897,0.436384,0.951185,4.765329,0.436384,0.024068,0.024525,0.026235,0.033816,0.03444,0.038161,0.030087,0.030809,0.033938,0.030753,0.032244,0.035586,0.034318,0.03578,0.038718,0.597607,4.167502,-6.5e-05,8.869105,0.003562,7.65905,0.018804,7.157723,0.003814,9.488172
2022-10-20,268.45,274.0,266.0,272.4,615284.0,97.974453,100.921053,99.416058,102.406015,3.95,1.245122,8.0,1.140185,1.483588,0.070731,-1.748306,3.494599,0.070731,0.862354,3.056374,0.125236,0.810203,1.077174,0.125236,0.768124,2.794804,0.170673,0.658062,1.578627,0.170673,0.474877,2.684364,0.286938,0.657209,1.055243,0.286938,0.249668,3.093899,0.321747,0.95633,4.790342,0.321747,0.022653,0.024562,0.02613,0.032116,0.032466,0.034816,0.030092,0.030789,0.033851,0.030451,0.031984,0.035352,0.034213,0.035656,0.038611,-0.259858,1.625774,0.008946,8.871688,0.006519,7.645858,0.015865,6.924035,0.004241,9.46439
2022-10-21,275.5,290.0,274.4,286.8,2347567.0,95.0,100.400875,98.896552,104.51895,11.3,5.286344,15.6,1.708134,2.380925,1.502866,0.487541,1.991732,1.502866,1.174208,3.177439,1.294166,0.56152,0.324839,1.294166,0.838985,2.864091,1.552799,0.616737,1.205569,1.552799,0.528025,2.72658,1.74516,0.624177,0.855193,1.74516,0.254487,3.101016,1.622648,0.955299,4.733206,1.622648,0.026563,0.027366,0.028013,0.03145,0.031675,0.033235,0.030253,0.030808,0.033847,0.030592,0.032074,0.03545,0.034217,0.035637,0.038591,0.961298,2.686853,0.043518,9.528345,0.019538,7.959456,0.018418,7.077244,0.005607,9.463427
2022-10-24,292.8,294.5,276.8,283.6,459457.0,99.42275,105.780347,96.298812,102.456647,9.2,-1.11576,17.7,1.12486,2.689795,-0.833008,0.961451,0.729934,-0.833008,1.055157,3.218193,-0.674576,0.642756,0.257535,-0.674576,0.792267,2.87677,-0.663253,0.652653,1.177665,-0.663253,0.54705,2.708161,-0.614,0.636333,0.914675,-0.614,0.243761,3.102032,-0.438268,0.964322,4.73673,-0.438268,0.029769,0.030708,0.032772,0.032215,0.032423,0.03421,0.030646,0.031219,0.034325,0.030582,0.032026,0.035452,0.034297,0.035717,0.038686,0.424261,5.428004,0.012242,9.833942,0.015873,8.057822,0.015292,7.065942,0.005519,9.472951
2022-10-25,284.0,295.45,280.55,289.75,1263375.0,96.124556,101.229727,98.07074,103.279273,5.75,2.168547,14.9,1.837847,2.298414,0.143882,0.516759,1.749594,0.143882,1.149581,3.221956,0.316257,0.546015,0.154472,0.316257,0.850001,2.874805,0.458656,0.596641,1.134338,0.458656,0.580479,2.707329,0.586581,0.603982,0.887195,0.586581,0.264531,3.100938,0.614013,0.948145,4.720909,0.614013,0.029823,0.03124,0.032282,0.031805,0.031752,0.033422,0.030826,0.031433,0.034491,0.030645,0.032094,0.035509,0.034294,0.035718,0.038687,-0.123376,4.195724,0.015909,9.853536,0.015412,8.049747,0.015212,7.063517,0.005471,9.467985
2022-10-27,295.0,302.8,286.9,300.3,1748503.0,97.424042,102.823283,99.174373,104.670617,5.3,3.64107,15.9,2.245064,2.423793,0.575959,-0.237336,-0.106987,0.575959,1.390711,3.218774,0.699135,0.346768,0.000538,0.699135,0.962605,2.871592,0.932746,0.516107,1.054008,0.932746,0.599956,2.72238,1.117079,0.58606,0.798954,1.117079,0.291798,3.106555,1.07813,0.924447,4.637489,1.07813,0.031049,0.032571,0.034624,0.032172,0.032378,0.034121,0.031038,0.031731,0.034862,0.030755,0.032229,0.035674,0.034324,0.035751,0.038736,0.16741,4.643766,0.014695,9.835301,0.015026,8.034099,0.017705,7.076055,0.005661,9.495597
2022-10-28,300.5,305.5,286.35,289.75,1192642.0,98.363339,104.941505,94.844517,101.187358,10.75,-3.513154,19.15,1.293409,3.575194,-1.34442,-0.435452,-1.476875,-1.34442,1.192227,3.396879,-1.385207,0.315307,-0.309216,-1.385207,0.847007,2.933687,-1.486239,0.529867,0.909867,-1.486239,0.5806,2.744807,-1.491454,0.563862,0.73941,-1.491454,0.281154,3.11596,-1.217701,0.918001,4.568958,-1.217701,0.034684,0.03614,0.037671,0.033024,0.033248,0.034675,0.031403,0.032096,0.03515,0.030896,0.032362,0.035779,0.034423,0.035852,0.03882,-1.284216,6.927185,-0.07011,10.798405,0.007689,8.422077,0.013942,7.296672,0.004841,9.58255
2022-10-31,300.0,301.35,279.0,279.8,1390607.0,99.552016,107.526882,92.848847,100.286738,20.2,-3.433995,22.35,-0.450658,3.252845,-0.917147,0.374116,-2.476261,-0.917147,0.996723,3.549363,-1.248314,0.331182,-0.556012,-1.248314,0.75307,2.994663,-1.398176,0.534052,0.748155,-1.398176,0.573568,2.754261,-1.455041,0.551885,0.718908,-1.455041,0.272379,3.123968,-1.186431,0.912188,4.511138,-1.186431,0.037561,0.036655,0.040949,0.034045,0.033304,0.035441,0.032022,0.032366,0.035757,0.031077,0.032388,0.035981,0.034542,0.035895,0.038941,-1.031817,6.33551,-0.147507,11.244615,-0.001366,8.788256,0.00955,7.434106,0.003991,9.657295
2022-11-01,281.2,282.75,271.1,277.6,772045.0,99.451813,103.725563,98.178603,102.397639,3.6,-0.786276,11.65,-0.384761,3.239312,-0.123951,0.280236,-2.466277,-0.123951,0.898181,3.571165,-0.471683,0.409871,-0.574095,-0.471683,0.717492,3.002316,-0.500869,0.564136,0.737781,-0.500869,0.557771,2.757516,-0.487412,0.566229,0.714878,-0.487412,0.262849,3.124278,-0.335798,0.920862,4.519594,-0.335798,0.035516,0.034675,0.038307,0.034391,0.033791,0.035931,0.032164,0.032547,0.035943,0.031051,0.032348,0.035966,0.034576,0.03594,0.038984,-1.298471,5.022461,-0.170012,11.154495,-0.004401,8.829589,0.008875,7.462221,0.003961,9.660019
2022-11-02,279.0,286.75,276.5,283.25,996786.0,97.297297,100.904159,98.779425,102.44123,4.25,2.035303,10.25,-0.41141,3.213501,0.761385,0.297465,-2.354928,0.761385,0.561461,3.072595,0.479673,0.03007,-1.321507,0.479673,0.76727,3.003136,0.422236,0.514927,0.694904,0.422236,0.593565,2.753185,0.523662,0.535284,0.706078,0.523662,0.278701,3.125192,0.562078,0.906063,4.492158,0.562078,0.034114,0.03287,0.036884,0.031382,0.031594,0.033762,0.032241,0.032631,0.03601,0.031064,0.032367,0.035984,0.034586,0.035955,0.038996,-0.048466,8.256573,-0.02948,8.939898,-0.004168,8.834828,0.008479,7.444322,0.004014,9.664274
2022-11-03,281.95,289.45,276.7,281.45,1079582.0,97.408879,101.897362,97.236138,101.716661,0.5,-0.635481,12.75,-1.266721,2.306306,0.273702,0.50436,-0.638244,0.273702,0.262564,2.866905,-0.313245,0.110394,-1.202576,-0.313245,0.748991,3.008947,-0.460118,0.528871,0.679723,-0.460118,0.561994,2.748951,-0.435612,0.568442,0.753717,-0.435612,0.273843,3.125857,-0.290904,0.910067,4.491536,-0.290904,0.033171,0.031886,0.034881,0.030664,0.030827,0.032568,0.03231,0.032727,0.036096,0.031066,0.032465,0.036025,0.034631,0.036015,0.039046,1.122464,1.735385,0.02891,7.780399,-0.008666,8.857049,0.008917,7.414907,0.003887,9.671779
2022-11-04,283.4,287.7,281.2,285.4,528405.0,98.505388,100.782361,99.200556,101.493599,2.0,1.403446,6.5,-0.283401,2.15203,0.78384,-0.592745,-0.096592,0.78384,0.521293,2.713086,0.325148,0.007898,-1.055319,0.325148,0.748279,3.008785,0.217751,0.529658,0.68109,0.217751,0.594925,2.738992,0.295189,0.545548,0.774939,0.295189,0.281977,3.126674,0.358678,0.901731,4.474138,0.358678,0.028908,0.02736,0.031355,0.030288,0.030489,0.03217,0.032084,0.032506,0.035873,0.031085,0.032491,0.036035,0.03463,0.036013,0.039046,0.982568,1.774106,-0.018482,6.981437,-0.005436,8.865577,0.007931,7.374641,0.00398,9.674401
2022-11-07,288.7,293.85,286.4,288.1,940881.0,98.247405,100.803073,98.043219,100.593575,0.6,0.946041,7.45,0.592607,1.252324,0.282222,-0.18963,-2.577589,0.282222,0.673807,2.642543,0.103019,-0.12646,-0.841009,0.103019,0.778649,3.00284,0.055745,0.503019,0.688222,0.055745,0.655135,2.678609,0.108603,0.612233,0.85972,0.108603,0.221672,2.993485,0.241982,0.698736,4.268328,0.241982,0.021329,0.024408,0.025025,0.029807,0.030053,0.031873,0.03211,0.032545,0.035951,0.030941,0.032396,0.035944,0.034145,0.035794,0.038833,0.283278,1.09416,-0.05387,6.537392,-0.008205,8.822685,0.004704,7.084761,0.005998,8.796241
2022-11-09,288.1,294.8,285.6,287.65,631257.0,97.727273,100.87535,97.574627,100.717787,0.45,-0.156196,9.2,0.718623,1.101505,-0.794203,-0.167354,-1.90685,-0.794203,0.527958,2.601473,-0.262987,0.02245,-0.715396,-0.262987,0.746989,3.004211,-0.30064,0.53441,0.704997,-0.30064,0.649708,2.679708,-0.300743,0.617404,0.858509,-0.300743,0.214579,2.992687,-0.123894,0.706253,4.282852,-0.123894,0.019993,0.023062,0.023607,0.028532,0.028829,0.030682,0.032165,0.032624,0.036022,0.030908,0.032353,0.03592,0.034125,0.035772,0.03881,-0.280148,0.813685,-0.032774,6.393562,-0.008818,8.828589,0.004059,7.0953,0.006098,8.787438
2022-11-10,287.0,291.75,278.55,279.95,492676.0,98.371894,103.033567,95.955441,100.502603,7.05,-2.676864,13.2,-0.223811,1.597501,-1.535557,-0.911728,0.660585,-1.535557,0.515972,2.616362,-1.220334,0.01498,-0.735499,-1.220334,0.717144,3.031085,-1.119734,0.525955,0.624166,-1.119734,0.605294,2.69779,-1.21661,0.635423,0.819969,-1.21661,0.212439,2.99461,-0.964835,0.705316,4.26823,-0.964835,0.021419,0.024158,0.024715,0.028455,0.028808,0.030667,0.032214,0.032653,0.036037,0.030963,0.032406,0.035968,0.034005,0.035613,0.03868,-0.564241,1.404871,-0.125375,5.980431,-0.021604,8.906526,0.002758,7.198948,0.005295,8.829386
2022-11-11,283.7,284.5,270.45,272.2,481011.0,99.718805,104.899242,95.676626,100.64707,11.5,-2.768351,14.05,-0.650385,1.975058,-1.072356,-0.26878,-2.961543,-1.072356,0.139553,2.513151,-1.157075,0.107937,-0.728171,-1.157075,0.689749,3.056679,-1.131326,0.516392,0.551169,-1.131326,0.616072,2.681932,-1.261935,0.661072,0.847592,-1.261935,0.206349,2.999447,-0.99175,0.70411,4.231404,-0.99175,0.022303,0.022475,0.023944,0.028023,0.028214,0.030317,0.032218,0.032492,0.035574,0.03077,0.032139,0.035788,0.034023,0.0356,0.038682,-1.19665,0.256742,-0.105283,5.631574,-0.034987,8.901506,-0.001944,7.117686,0.004585,8.88164
2022-11-14,271.3,278.0,270.2,273.8,407640.0,97.589928,100.407106,98.489209,101.332346,2.5,0.587803,7.8,-0.813514,1.787824,0.783811,-0.397859,-3.070863,0.783811,0.33417,2.379565,0.106588,0.031595,-0.42661,0.106588,0.625011,3.02302,-0.012308,0.577057,0.744569,-0.012308,0.580639,2.658326,0.002695,0.695817,0.994132,0.002695,0.212209,2.99904,0.125238,0.698579,4.229741,0.125238,0.022763,0.023048,0.024495,0.027704,0.028236,0.030325,0.031953,0.032239,0.035302,0.030317,0.031726,0.035423,0.034006,0.035576,0.038664,-0.332863,2.335455,-0.153259,4.59822,-0.027549,8.797823,0.00017,6.996004,0.004522,8.881098
2022-11-15,275.2,284.7,275.0,281.65,501826.0,96.663154,100.072727,98.928697,102.418182,6.45,2.867056,9.7,-0.42931,2.37159,1.38994,0.397971,-1.100957,1.38994,0.355193,2.40097,1.046187,0.0304,-0.491897,1.046187,0.634535,3.02944,0.736942,0.567978,0.707735,0.736942,0.625367,2.658795,0.843122,0.656232,0.944423,0.843122,0.209554,2.996439,0.886887,0.700514,4.254133,0.886887,0.023607,0.02333,0.024271,0.027967,0.028428,0.030295,0.031993,0.032297,0.035363,0.030305,0.031677,0.035352,0.033866,0.035396,0.038469,0.931117,2.765593,-0.083721,5.243369,-0.017949,8.926865,0.000203,6.998465,0.005399,8.836597
2022-11-16,283.2,287.4,281.35,285.6,514147.0,98.538622,100.657544,99.373695,101.510574,2.4,1.40245,6.05,-0.117581,2.514589,0.604485,-0.129418,-2.459617,0.604485,0.335285,2.38998,0.446516,0.050572,-0.44095,0.446516,0.623509,3.025541,0.257455,0.580151,0.736229,0.257455,0.631392,2.659877,0.289885,0.648752,0.931783,0.289885,0.253755,2.947875,0.389669,0.779216,4.46372,0.389669,0.022747,0.021994,0.022804,0.02768,0.028111,0.030056,0.031929,0.032231,0.035314,0.030302,0.031673,0.035353,0.033579,0.035202,0.038294,1.379404,1.253018,-0.045938,5.356239,-0.012912,8.936105,0.000771,7.003702,0.004424,8.58128
2022-11-17,284.8,289.65,275.55,276.65,542614.0,98.325565,103.356923,95.511825,100.399202,8.15,-3.133754,14.1,-0.208959,2.636202,-1.109473,-0.181725,-2.493392,-1.109473,0.248417,2.485884,-1.36055,0.022318,-0.641355,-1.36055,0.399113,2.872998,-1.22968,0.502045,0.785767,-1.22968,0.639737,2.646576,-1.425801,0.67336,0.950446,-1.425801,0.166009,2.780665,-1.186681,0.344378,3.004985,-1.186681,0.02329,0.022385,0.023236,0.027633,0.028023,0.029787,0.030882,0.030806,0.033546,0.030269,0.031663,0.035352,0.032096,0.03383,0.037121,0.008384,5.55951,-0.122838,5.368922,-0.003477,8.086517,-0.004254,6.919246,0.006053,7.571296
2022-11-18,278.0,293.0,277.2,289.75,752372.0,94.880546,100.2886,98.890785,104.527417,11.75,4.735225,15.8,1.291756,2.933939,1.173668,-0.697569,0.950715,1.173668,0.404929,2.667682,1.623243,0.092804,-0.836167,1.623243,0.609277,2.795589,1.475878,0.617636,0.59061,1.475878,0.63651,2.641328,1.551763,0.671307,0.964108,1.551763,0.204734,2.79013,1.623756,0.328602,2.932055,1.623756,0.024064,0.023489,0.023637,0.028022,0.027993,0.029793,0.030386,0.030559,0.03327,0.028639,0.029533,0.032766,0.031673,0.033238,0.036554,0.229403,6.781146,-0.037321,6.714386,-0.00839,7.644352,0.000857,6.906234,0.006257,7.615419
2022-11-21,291.0,291.7,279.35,282.55,476405.0,99.760027,104.170396,96.863216,101.145516,8.45,-2.484901,12.35,0.677215,3.402619,-0.929318,-0.097927,-2.354914,-0.929318,0.218428,2.735378,-0.988283,0.243074,-0.961057,-0.988283,0.55912,2.828625,-1.076149,0.624029,0.495812,-1.076149,0.623304,2.653695,-1.171274,0.663646,0.920869,-1.171274,0.192911,2.796516,-0.957553,0.334659,2.887726,-0.957553,0.025605,0.02444,0.024486,0.028339,0.02821,0.030027,0.030415,0.030489,0.033181,0.028574,0.029391,0.032662,0.031531,0.033028,0.036389,-0.737114,8.175581,-0.065338,6.966229,-0.017106,7.780161,-0.002089,6.96804,0.005806,7.669033
2022-11-22,283.8,288.5,278.4,281.65,403957.0,98.370884,101.939655,97.62565,101.167385,2.15,-0.318528,10.1,0.040099,3.181108,-0.112736,0.749601,-0.291143,-0.112736,-0.061816,2.46232,-0.104256,0.203864,-0.90119,-0.104256,0.564679,2.82658,-0.312465,0.620055,0.500749,-0.312465,0.615025,2.655345,-0.351575,0.671495,0.919729,-0.351575,0.202397,2.791518,-0.18661,0.329392,2.922832,-0.18661,0.025701,0.025321,0.025062,0.027765,0.02795,0.029662,0.030435,0.030539,0.0332,0.028612,0.02945,0.032659,0.031384,0.03287,0.036245,-0.27931,7.939529,0.007011,5.758233,-0.022001,7.728962,-0.002717,6.974195,0.005367,7.657607
2022-11-23,283.1,285.25,275.1,276.3,325810.0,99.246275,102.908033,96.862401,100.436205,6.8,-1.899521,10.15,-0.620296,3.170304,-0.403502,1.689169,2.85585,-0.403502,-0.101004,2.486098,-0.72343,0.231454,-0.965462,-0.72343,0.48607,2.839595,-0.840117,0.681281,0.521603,-0.840117,0.609333,2.660162,-0.943121,0.669729,0.902177,-0.943121,0.185264,2.793861,-0.746202,0.344445,2.912619,-0.746202,0.026881,0.02621,0.025897,0.026931,0.026949,0.028362,0.030458,0.030514,0.033177,0.028676,0.029502,0.032702,0.031312,0.032758,0.036145,-0.258529,7.906987,-0.035883,5.828836,-0.024208,7.77999,-0.00539,6.981489,0.005253,7.674666
2022-11-24,281.0,282.0,277.0,278.15,456375.0,99.64539,101.444043,98.634752,100.415162,2.85,0.669562,5.0,0.140368,2.857294,0.185208,1.258891,1.577297,0.185208,-0.175953,2.43617,0.347067,0.303131,-0.7633,0.347067,0.514843,2.8339,0.054596,0.65552,0.521074,0.054596,0.605114,2.659724,0.024231,0.674855,0.90924,0.024231,0.179151,2.791444,0.175684,0.350843,2.935672,0.175684,0.023792,0.022957,0.023826,0.02613,0.025943,0.027767,0.03034,0.030394,0.033109,0.028546,0.029352,0.032561,0.03128,0.032719,0.036116,-0.754595,5.392479,0.01096,5.634184,-0.02685,7.720236,-0.005062,6.98204,0.005582,7.649327
2022-11-25,278.95,278.95,274.5,275.6,267392.0,100.0,101.621129,98.799068,100.400729,3.35,-0.916772,4.45,-0.990032,1.252232,0.058504,0.165796,-1.153897,0.058504,-0.403845,2.267668,-0.226191,0.431091,-0.289957,-0.226191,0.49514,2.840485,-0.497067,0.67001,0.508078,-0.497067,0.602933,2.660894,-0.571125,0.675759,0.905043,-0.571125,0.184924,2.787958,-0.395162,0.348247,2.960601,-0.395162,0.019054,0.019151,0.020315,0.025198,0.0247,0.026322,0.030334,0.030378,0.033073,0.028512,0.029297,0.032517,0.031155,0.032572,0.035976,0.412435,0.914263,0.060645,4.762912,-0.031312,7.702808,-0.006756,6.971514,0.005079,7.647844
2022-11-28,276.0,277.4,272.65,275.5,304483.0,99.495314,101.228681,99.315068,101.045296,0.5,-0.036284,4.75,-0.500308,0.968013,0.479357,-0.507401,0.23342,0.479357,-0.230002,2.146808,0.090235,0.415492,-0.032242,0.090235,0.479835,2.841261,-0.181652,0.686143,0.519908,-0.181652,0.608646,2.658881,-0.242557,0.671547,0.910699,-0.242557,0.174409,2.784789,-0.075659,0.35931,2.992354,-0.075659,0.015797,0.016621,0.017938,0.023765,0.023202,0.025071,0.030274,0.030338,0.032996,0.028497,0.029281,0.032464,0.031128,0.032539,0.035941,0.154724,0.70176,0.016802,4.368957,-0.03199,7.698193,-0.00787,6.947344,0.00533,7.621577
2022-11-29,276.9,282.3,276.05,280.3,475785.0,98.087141,100.307915,99.291534,101.539576,3.4,1.742287,6.25,-0.088146,1.404902,1.30289,0.00838,-0.686684,1.30289,0.028812,2.050052,0.83582,0.329284,-0.027959,0.83582,0.521013,2.8444,0.429361,0.640955,0.4626,0.429361,0.633791,2.65758,0.417107,0.645814,0.892098,0.417107,0.187647,2.785924,0.558034,0.345673,2.976085,0.558034,0.013932,0.013869,0.015777,0.021604,0.022212,0.022833,0.030209,0.030237,0.032875,0.028454,0.029227,0.032417,0.031123,0.032527,0.035932,0.657777,0.713658,-0.005612,3.99153,-0.03097,7.729061,-0.008033,6.93833,0.005401,7.625316
2022-11-30,281.7,289.5,280.5,286.95,940036.0,97.305699,100.427807,99.119171,102.299465,5.25,2.372458,9.0,0.76625,1.324625,1.212576,-0.037892,-1.503103,1.212576,0.186749,2.104894,1.038394,0.137723,-0.36791,1.038394,0.545776,2.855218,0.63977,0.61218,0.387993,0.63977,0.624766,2.650041,0.659496,0.654474,0.938245,0.659496,0.196144,2.79,0.780041,0.337342,2.93866,0.780041,0.013091,0.013422,0.015421,0.021278,0.021695,0.022259,0.030084,0.030029,0.032651,0.028374,0.029137,0.032324,0.031083,0.03247,0.035867,0.606485,0.668057,0.014999,4.201568,-0.025112,7.857901,-0.0054,6.928198,0.005801,7.633024
2022-12-01,290.4,294.95,287.0,293.5,894118.0,98.457366,101.184669,99.508391,102.264808,3.1,2.282628,7.95,1.088863,1.482243,0.805377,-0.690548,-2.118639,0.805377,0.199115,2.117017,0.984174,0.133711,-0.416672,0.984174,0.452353,2.714206,0.674332,0.546061,0.552886,0.674332,0.641626,2.655219,0.618029,0.633722,0.891508,0.618029,0.218421,2.788777,0.740183,0.318816,2.937304,0.740183,0.014217,0.014904,0.015829,0.021032,0.021412,0.022167,0.029346,0.029386,0.032109,0.028352,0.029104,0.032322,0.03102,0.032409,0.035825,0.880754,0.20618,0.074128,4.074967,-0.005332,7.213654,-0.004432,6.963319,0.005755,7.627995
2022-12-02,291.9,302.0,288.2,290.2,766656.0,96.655629,101.283831,96.092715,100.693963,1.7,-1.124361,13.8,1.047345,1.553653,-1.397807,-0.774116,-1.721185,-1.397807,0.174671,2.129944,-0.60989,0.159036,-0.474788,-0.60989,0.509144,2.648835,-0.616688,0.614524,0.700912,-0.616688,0.602605,2.65218,-0.65115,0.672518,0.947225,-0.65115,0.206697,2.789472,-0.477172,0.330512,2.937095,-0.477172,0.018474,0.020583,0.022251,0.0211,0.02149,0.022555,0.029016,0.029444,0.032053,0.028376,0.029159,0.032406,0.031074,0.032481,0.035902,-0.163581,1.877553,0.042043,4.251054,-0.019857,6.793885,-0.004186,6.949115,0.005706,7.633739
2022-12-05,291.85,293.5,286.45,288.45,261279.0,99.437819,101.885146,98.279387,100.698202,3.4,-0.603032,7.05,0.933996,1.668877,-0.920995,-0.573236,-2.916194,-0.920995,0.074347,2.11623,-0.320088,0.305945,-0.348324,-0.320088,0.475682,2.65217,-0.406729,0.649871,0.71654,-0.406729,0.607507,2.649466,-0.456899,0.670655,0.957277,-0.456899,0.213569,2.785755,-0.293135,0.326684,2.963843,-0.293135,0.019037,0.021038,0.022714,0.021129,0.021491,0.022543,0.028196,0.028492,0.030467,0.028325,0.029121,0.032341,0.031065,0.032465,0.035859,-0.818746,0.887432,0.050335,4.170268,-0.0211,6.800608,-0.00593,6.920167,0.005255,7.629565
2022-12-06,288.7,291.0,281.35,286.5,268370.0,99.209622,102.612404,98.453608,101.83046,2.2,-0.676027,9.65,0.450333,1.725529,-0.652762,0.547466,-3.218559,-0.652762,-0.006756,2.112143,-0.316868,0.429053,-0.25524,-0.316868,0.481176,2.649438,-0.436773,0.646974,0.725724,-0.436773,0.6118,2.647009,-0.486522,0.669176,0.966509,-0.486522,0.251148,2.721756,-0.340653,0.457757,3.051343,-0.340653,0.020206,0.022654,0.024093,0.021332,0.021743,0.022592,0.027645,0.028006,0.029591,0.028369,0.029183,0.032394,0.030943,0.032425,0.035785,-0.898263,0.768206,0.053379,4.143354,-0.027303,6.723884,-0.007731,6.886789,0.003856,7.321366
2022-12-07,287.65,291.95,285.1,288.2,279813.0,98.527145,100.894423,98.715533,101.087338,0.55,0.593368,6.85,0.094515,1.378646,0.361843,1.270942,0.920963,0.361843,0.030722,2.115999,0.265901,0.369021,-0.313522,0.265901,0.467738,2.647083,0.04746,0.664016,0.753967,0.04746,0.62177,2.645023,-0.010738,0.65973,0.968037,-0.010738,0.256393,2.721398,0.123824,0.452197,3.05095,0.123824,0.019417,0.022268,0.023701,0.021145,0.021487,0.022285,0.027569,0.027903,0.029472,0.028379,0.029198,0.032408,0.030726,0.032141,0.035564,-0.293018,1.348812,0.059592,4.1355,-0.025119,6.735504,-0.008357,6.867986,0.0038,7.320842
2022-12-08,289.5,301.6,288.25,299.9,1467946.0,95.988064,100.433651,99.43634,104.041631,10.4,4.059681,13.35,0.449926,2.115761,1.706126,1.783617,3.151556,1.706126,0.367549,2.196936,1.680582,0.284606,-0.522786,1.680582,0.54333,2.695144,1.304698,0.591781,0.475278,1.304698,0.680758,2.655342,1.2725,0.614626,0.867496,1.2725,0.256772,2.721925,1.397139,0.452324,3.047499,1.397139,0.021703,0.023209,0.023986,0.021105,0.021148,0.021987,0.027295,0.02736,0.028934,0.028406,0.029194,0.032403,0.030718,0.032095,0.035367,1.156448,0.906409,0.074397,4.401162,-0.017127,7.057439,-0.007806,6.929556,0.00493,7.290829
2022-12-09,302.8,307.6,286.25,291.55,1584890.0,98.439532,105.781659,94.782185,101.851528,11.25,-2.784261,21.35,0.117946,2.516759,-1.153152,0.941767,1.754022,-1.153152,0.366754,2.198133,-1.433496,0.28275,-0.522732,-1.433496,0.511275,2.725439,-1.209177,0.575719,0.3909,-1.209177,0.655773,2.676201,-1.285417,0.60706,0.798481,-1.285417,0.2545,2.724284,-1.115435,0.450962,3.031786,-1.115435,0.026201,0.027005,0.026403,0.022191,0.022756,0.023223,0.027763,0.027904,0.029345,0.028688,0.029481,0.032649,0.03081,0.032191,0.035451,0.037325,5.064476,-0.020143,4.576711,-0.029181,7.102123,-0.010451,6.999427,0.004086,7.328969
2022-12-12,292.9,298.8,291.65,294.1,458918.0,98.025435,100.428596,98.427041,100.840048,1.2,0.874636,7.15,0.413479,2.497618,0.184638,0.390113,1.083159,0.184638,0.381095,2.200586,0.224277,0.260741,-0.544706,0.224277,0.519638,2.725909,0.130231,0.565885,0.380838,0.130231,0.673755,2.671519,0.075193,0.591787,0.807644,0.075193,0.259668,2.724476,0.22572,0.445196,3.026615,0.22572,0.026194,0.027168,0.026719,0.022101,0.022662,0.023156,0.027695,0.027849,0.02923,0.028676,0.029469,0.032651,0.030797,0.032175,0.035435,-0.02763,4.988949,-0.009397,4.597513,-0.02846,7.113287,-0.011278,6.959664,0.004116,7.329184
2022-12-13,295.45,297.5,291.8,294.5,279312.0,99.310924,101.250857,98.991597,100.925291,0.95,0.136008,5.7,0.575886,2.43467,-0.180673,0.123734,1.777023,-0.180673,0.244543,2.12152,-0.051159,0.411676,-0.112119,-0.051159,0.512836,2.726444,-0.138212,0.573289,0.384208,-0.138212,0.662258,2.671333,-0.196999,0.604879,0.819446,-0.196999,0.291938,2.684098,-0.058094,0.50386,3.187938,-0.058094,0.025122,0.025798,0.0254,0.02176,0.022429,0.022886,0.027463,0.027548,0.028854,0.028667,0.029456,0.032618,0.030664,0.032047,0.035282,-0.409977,4.405932,0.026354,4.252713,-0.029469,7.10397,-0.011226,6.959643,0.003106,7.136204
2022-12-14,294.95,308.5,293.85,304.25,1385461.0,95.60778,100.374341,98.622366,103.539221,9.3,3.310696,14.65,1.119352,2.725462,0.804027,-0.50436,-0.502678,0.804027,0.339955,2.217094,1.339926,0.363505,-0.499609,1.339926,0.555359,2.753579,1.000639,0.530237,0.232627,1.000639,0.691239,2.684286,0.975849,0.57302,0.728129,0.975849,0.302116,2.691693,1.117728,0.495061,3.118247,1.117728,0.02759,0.027779,0.027336,0.02254,0.023101,0.023512,0.027713,0.02778,0.029062,0.028801,0.029574,0.03272,0.030487,0.031975,0.034887,0.14223,5.902055,0.088439,4.409668,-0.021241,7.336593,-0.009804,7.053241,0.003705,7.163238
2022-12-15,306.8,309.35,296.1,297.8,554226.0,99.175691,103.613644,96.266365,100.57413,9.0,-2.119967,13.25,-0.116578,2.445538,-0.819202,0.405161,-0.811476,-0.819202,0.390645,2.143875,-1.171063,0.483628,-0.496403,-1.171063,0.337565,2.510541,-0.978886,0.201043,-0.825036,-0.978886,0.608409,2.641184,-1.033012,0.593488,0.871052,-1.033012,0.288858,2.697082,-0.893123,0.503316,3.082448,-0.893123,0.027415,0.028037,0.027728,0.022309,0.02277,0.023226,0.026328,0.026742,0.028036,0.028625,0.029452,0.032605,0.030447,0.031895,0.034806,0.376465,4.501071,-0.001551,4.366309,-0.007419,6.165298,-0.008158,6.850638,0.003378,7.199849
2022-12-16,298.3,302.3,290.3,294.2,394381.0,98.676811,102.75577,97.320543,101.343438,4.1,-1.208865,12.0,0.198502,2.091817,-0.672796,0.692056,0.280768,-0.672796,0.09344,1.90904,-0.682178,0.484627,-0.429407,-0.682178,0.206539,2.413069,-0.586558,0.200986,-0.814279,-0.586558,0.567442,2.63724,-0.673548,0.633684,0.930707,-0.673548,0.335833,2.585935,-0.597346,0.894389,2.507638,-0.597346,0.022285,0.022993,0.022777,0.021722,0.022629,0.022984,0.025933,0.02628,0.027365,0.02857,0.029441,0.032584,0.030143,0.031656,0.034497,-0.642298,2.675467,0.044197,3.39726,0.001199,5.706143,-0.007856,6.834058,0.001512,6.646001
2022-12-19,296.2,300.9,293.0,294.85,464668.0,98.438019,101.09215,97.989365,100.631399,1.35,0.220938,7.9,0.067762,2.059167,0.074387,1.028741,1.466816,0.074387,0.228732,1.81001,-0.004306,0.488019,-0.214651,-0.004306,0.28638,2.343823,-0.027921,0.216744,-0.751753,-0.027921,0.573124,2.635862,-0.133613,0.628487,0.933308,-0.133613,0.274671,2.438342,-0.022037,0.519892,0.869925,-0.022037,0.022481,0.023248,0.023025,0.021234,0.022346,0.022741,0.025781,0.026162,0.027221,0.028539,0.029399,0.032557,0.029627,0.031291,0.03413,-0.43497,3.013737,0.005308,3.111391,-0.008508,5.368558,-0.008616,6.816426,0.003322,5.879004
2022-12-20,295.2,300.75,292.0,299.4,430120.0,98.154613,101.09589,99.551122,102.534247,4.2,1.543158,8.75,0.349192,2.164301,0.551663,0.363227,-1.048772,0.551663,0.321816,1.828164,0.66807,0.327051,-0.429671,0.66807,0.359328,2.32458,0.509266,0.150554,-0.720937,0.509266,0.581006,2.637589,0.364784,0.618615,0.915212,0.364784,0.295123,2.4317,0.513236,0.507329,0.886024,0.513236,0.023265,0.023991,0.023687,0.021064,0.02206,0.022494,0.025586,0.025971,0.02703,0.028426,0.029235,0.032428,0.029626,0.031287,0.034111,-0.119417,3.718839,0.015445,3.167143,-0.011406,5.268508,-0.00793,6.834907,0.003086,5.851862
2022-12-21,301.8,304.3,283.05,285.65,432252.0,99.178442,106.624271,93.87118,100.918566,16.15,-4.592518,21.25,-1.231451,2.339585,-1.436608,-0.463541,0.008606,-1.436608,0.187167,2.081943,-2.295781,-0.260747,0.340767,-2.295781,0.212262,2.400903,-2.001239,0.120526,-0.619665,-2.001239,0.515773,2.684125,-1.903149,0.58629,0.847395,-1.903149,0.262359,2.453202,-1.978996,0.492849,0.856245,-1.978996,0.027359,0.026527,0.026177,0.022683,0.023192,0.023595,0.025602,0.025781,0.026813,0.0286,0.029302,0.032505,0.02971,0.031324,0.034145,-0.219308,4.282734,-0.089834,3.84943,-0.017176,5.587609,-0.010185,7.046042,0.002607,5.96545
2022-12-22,279.95,279.95,260.15,265.8,1207494.0,100.0,107.610994,94.945526,102.171824,14.15,-6.949064,19.8,-2.19727,3.504719,-1.355827,-0.518765,-1.590292,-1.355827,-0.193765,2.617211,-2.581105,-0.82833,1.236465,-2.581105,0.122024,2.58058,-2.740115,-0.22493,0.035134,-2.740115,0.47823,2.761684,-2.689408,0.401332,0.982503,-2.689408,0.228867,2.50541,-2.864973,0.382188,0.916241,-2.864973,0.031598,0.030179,0.031337,0.024613,0.024787,0.025377,0.02602,0.026087,0.027301,0.028673,0.029264,0.032545,0.029842,0.031419,0.034264,-1.629385,4.516653,-0.184163,5.379597,-0.040515,6.184377,-0.016869,7.313525,0.001454,6.238651
2022-12-23,258.45,263.75,250.0,251.6,451828.0,97.990521,103.38,95.393365,100.64,6.85,-5.342363,13.75,-3.02397,3.695596,-0.627339,0.434556,-2.516489,-0.627339,-0.415044,2.857604,-1.724283,-0.718798,0.2576,-1.724283,-0.080024,2.605401,-2.019781,-0.291772,-0.010466,-2.019781,0.430647,2.820536,-2.046777,0.338347,0.869222,-2.046777,0.211094,2.532252,-2.19309,0.33994,0.879598,-2.19309,0.032968,0.031503,0.035067,0.02555,0.025855,0.027101,0.025874,0.026032,0.027547,0.028775,0.029367,0.032752,0.02986,0.031431,0.034335,-1.961882,3.227982,-0.26913,5.349271,-0.042014,6.284759,-0.02097,7.509446,0.000318,6.379901
2022-12-26,250.0,271.5,248.35,269.4,859985.0,92.081031,100.664385,99.226519,108.475941,19.4,7.074722,23.15,-1.653213,5.845704,1.493051,0.987416,-0.556427,1.493051,-0.059494,3.313267,2.153227,-0.144866,0.429793,2.153227,0.127561,2.752572,2.52388,-0.076047,0.357439,2.52388,0.497576,2.897719,2.269767,0.36555,0.721692,2.269767,0.249454,2.577648,2.647867,0.373181,0.846562,2.647867,0.040109,0.035861,0.038745,0.028119,0.027419,0.028618,0.026717,0.026589,0.028074,0.029076,0.029441,0.032679,0.029927,0.031347,0.03429,1.031328,25.210524,-0.156153,9.618085,-0.033076,7.197291,-0.017053,8.070496,0.001221,6.60608
2022-12-27,270.75,275.4,266.8,272.6,287519.0,98.311547,101.48051,98.983297,102.173913,1.85,1.187825,8.6,-1.72428,5.799105,0.502164,1.05191,-0.207453,0.502164,-0.087217,3.299689,0.386413,-0.125018,0.484806,0.386413,0.102386,2.736639,0.396632,-0.060334,0.426484,0.396632,0.450338,2.846621,0.259075,0.36563,0.886184,0.259075,0.252246,2.578364,0.362858,0.369817,0.840688,0.362858,0.04023,0.036212,0.039061,0.028281,0.027684,0.028834,0.0268,0.026705,0.028069,0.028878,0.029329,0.03256,0.029811,0.031192,0.034143,2.558447,13.812389,-0.109885,9.942063,-0.024902,7.210273,-0.013362,7.873458,0.001418,6.608017
2022-12-28,273.8,273.8,262.05,263.95,415590.0,100.0,104.483877,96.402484,100.725052,9.85,-3.173147,11.75,-1.440405,5.656588,-0.306323,0.929571,-0.104597,-0.306323,-0.364497,3.315087,-0.847233,0.085149,0.420416,-0.847233,0.002911,2.76391,-1.149118,0.01364,0.321297,-1.149118,0.35229,2.800039,-1.259067,0.358195,0.977295,-1.259067,0.232257,2.589377,-1.315144,0.376706,0.802335,-1.315144,0.037138,0.033311,0.036569,0.028574,0.027753,0.028934,0.026879,0.026663,0.028066,0.028623,0.0289,0.03121,0.029826,0.031178,0.034099,1.408202,21.631527,-0.115133,9.999564,-0.02845,7.317858,-0.011768,7.646424,0.000993,6.668062
2022-12-29,264.4,269.35,255.0,258.7,307786.0,98.162242,103.686275,96.046037,101.45098,5.7,-1.989013,14.35,-0.448395,4.822427,-0.319469,1.073968,0.886352,-0.319469,-0.578079,3.272901,-0.431096,0.268243,0.653421,-0.431096,-0.008942,2.771294,-0.714493,0.021739,0.288931,-0.714493,0.349761,2.802057,-0.834663,0.358439,0.968842,-0.834663,0.210609,2.58976,-0.849354,0.395928,0.813661,-0.849354,0.034747,0.032287,0.033906,0.029276,0.028627,0.029541,0.026928,0.026774,0.028041,0.028685,0.028984,0.031269,0.029873,0.031226,0.034086,-0.354117,18.353842,-0.096544,9.866372,-0.036564,7.248059,-0.014425,7.599636,0.000979,6.670126
2022-12-30,260.7,266.7,259.0,260.25,316251.0,97.750281,100.656371,97.581552,100.482625,0.45,0.59915,7.7,0.739907,3.972069,-0.035437,1.1573,1.542881,-0.035437,-0.491904,3.280441,0.332593,0.181784,0.586866,0.332593,-0.029059,2.762978,0.227366,0.040679,0.329335,0.227366,0.372367,2.794777,0.081145,0.340334,0.99657,0.081145,0.210298,2.589709,0.150153,0.396306,0.814155,0.150153,0.032596,0.029952,0.029745,0.028864,0.028051,0.028933,0.026791,0.026594,0.027933,0.028487,0.028779,0.03108,0.029884,0.031243,0.034113,-1.612798,7.419628,-0.088352,9.963681,-0.03118,7.278901,-0.015495,7.532605,0.001105,6.66899
2023-01-02,261.6,261.9,243.85,249.55,1176914.0,99.885452,107.279065,95.28446,102.337503,12.05,-4.111431,18.05,-1.497323,2.317807,-1.127837,0.196943,-2.545157,-1.127837,-0.667324,3.37902,-1.019262,0.267671,0.2676,-1.019262,-0.13619,2.815905,-1.41171,0.090631,0.177985,-1.41171,0.315967,2.827921,-1.565602,0.34778,0.902066,-1.565602,0.189193,2.607672,-1.64922,0.389592,0.760431,-1.64922,0.029281,0.029538,0.029823,0.030239,0.029313,0.03023,0.027353,0.027091,0.028451,0.028755,0.028999,0.031267,0.030012,0.031346,0.034213,-0.682622,3.365841,-0.141814,10.178194,-0.037666,7.47529,-0.017458,7.663202,0.000445,6.765292
2023-01-03,250.0,251.8,241.6,244.7,1219085.0,99.285147,103.476821,97.180302,101.283113,5.3,-1.943498,10.2,-2.123588,1.768964,0.101805,0.841656,1.163805,0.101805,-0.730697,3.391057,-0.357647,0.324017,0.242333,-0.357647,-0.280787,2.715615,-0.612278,0.092084,0.344043,-0.612278,0.279099,2.833153,-0.784496,0.379149,0.895757,-0.784496,0.190961,2.606098,-0.819025,0.389869,0.766587,-0.819025,0.030135,0.030182,0.030356,0.03041,0.029425,0.030313,0.027175,0.027007,0.028317,0.028755,0.02897,0.031204,0.029963,0.031296,0.034164,0.033688,2.501118,-0.160182,10.07116,-0.028638,7.056277,-0.017935,7.678449,-0.000248,6.757581
2023-01-04,243.1,248.7,243.0,246.6,643374.0,97.748291,100.041152,99.155609,101.481481,3.5,0.776461,5.7,-1.333666,2.043634,1.032537,-0.259966,-1.289365,1.032537,-0.721543,3.395064,0.44123,0.31553,0.221381,0.44123,-0.242942,2.716926,0.375205,0.050289,0.333188,0.375205,0.274662,2.832011,0.177188,0.384081,0.904562,0.177188,0.181409,2.600399,0.228831,0.399139,0.801636,0.228831,0.028427,0.02933,0.029636,0.030402,0.029348,0.030295,0.026733,0.026507,0.027715,0.028756,0.028959,0.031195,0.029868,0.031169,0.03405,0.29883,3.162555,-0.117745,10.48916,-0.028196,7.068498,-0.01707,7.697301,0.000216,6.728108
2023-01-05,249.2,250.0,242.5,244.6,387786.0,99.68,102.762887,97.84,100.865979,4.6,-0.81103,7.5,-1.09807,2.016923,0.142316,-0.836259,-0.173339,0.142316,-0.965078,3.203324,0.04809,0.435126,0.963159,0.04809,-0.302534,2.695547,-0.188643,0.105172,0.438438,-0.188643,0.273733,2.832356,-0.38299,0.384808,0.903214,-0.38299,0.165089,2.59631,-0.375964,0.416393,0.833443,-0.375964,0.025667,0.025752,0.026959,0.030067,0.029166,0.030196,0.026496,0.026183,0.027484,0.028742,0.028927,0.031185,0.029866,0.031165,0.034051,0.206753,3.168888,-0.043531,9.685216,-0.023627,7.004404,-0.018316,7.662472,0.00041,6.706561
2023-01-06,245.85,255.0,243.95,253.75,992892.0,96.411765,100.778848,99.509804,104.017217,7.9,3.740801,11.05,-0.469739,2.950933,1.42685,0.406116,0.198114,1.42685,-0.638825,3.337755,1.312148,0.231089,0.369113,1.312148,-0.300539,2.69856,1.497592,0.107673,0.432952,1.497592,0.331033,2.84405,1.198913,0.342262,0.825984,1.198913,0.179935,2.608257,1.365228,0.406462,0.77149,1.365228,0.027174,0.026392,0.026941,0.029088,0.027905,0.029081,0.026367,0.0259,0.027096,0.028797,0.028962,0.031221,0.029895,0.031172,0.03406,1.683693,1.29676,-0.005028,10.582734,-0.004455,7.132446,-0.017628,7.7488,0.001035,6.76542
2023-01-09,254.9,260.5,254.2,259.7,1047934.0,97.850288,100.275374,99.692898,102.163651,4.8,2.344828,6.3,0.821512,2.299742,0.662385,0.100145,-1.584234,0.662385,-0.565316,3.388642,0.858793,0.18322,0.156609,0.858793,-0.183379,2.683357,0.942181,0.029832,0.471631,0.942181,0.331814,2.844597,0.707662,0.341634,0.822971,0.707662,0.183476,2.610724,0.827875,0.403214,0.756787,0.827875,0.020343,0.019785,0.020154,0.029092,0.027796,0.028952,0.025871,0.025347,0.026631,0.02877,0.028919,0.031183,0.029849,0.031103,0.034001,1.154099,1.567159,0.061493,10.783022,-0.006098,7.04865,-0.015259,7.816814,0.001578,6.773503
2023-01-10,259.5,263.8,254.2,259.8,491447.0,98.369977,102.084972,98.4837,102.20299,0.3,0.038506,9.6,1.217913,1.82602,-0.64589,0.507113,-1.136633,-0.64589,-0.570191,3.38765,0.179681,0.18799,0.1622,0.179681,-0.113929,2.642128,0.057694,-0.01131,0.649517,0.057694,0.31957,2.843184,-0.098855,0.354953,0.83689,-0.098855,0.166266,2.600204,-0.049134,0.417836,0.816326,-0.049134,0.019739,0.019831,0.02013,0.0294,0.028245,0.029314,0.025226,0.025186,0.02596,0.028825,0.028999,0.031244,0.029835,0.031098,0.033984,0.167995,2.611034,0.081192,10.683176,-0.013537,6.803064,-0.014869,7.818647,0.002053,6.713206
2023-01-11,261.4,265.85,258.05,264.65,478700.0,98.326124,101.298198,99.548618,102.557644,3.25,1.866821,7.8,1.435985,1.825227,0.236045,-0.068543,-1.440253,0.236045,-0.642384,3.315203,0.756878,0.202603,0.399838,0.756878,-0.060867,2.65496,0.72607,-0.064439,0.585705,0.72607,0.328312,2.846616,0.540469,0.345788,0.81439,0.540469,0.16556,2.599721,0.654401,0.418508,0.819307,0.654401,0.020367,0.020789,0.020944,0.028943,0.027865,0.028989,0.0251,0.025012,0.025777,0.028849,0.029025,0.031275,0.029836,0.031098,0.033912,0.165341,2.610488,0.177284,9.396008,-0.010523,6.884777,-0.013541,7.869396,0.002585,6.702489
2023-01-12,269.0,275.9,268.3,274.25,1779656.0,97.499094,100.260902,99.401957,102.217667,5.25,3.627432,7.6,2.323678,1.511555,0.862526,-0.84049,0.197614,0.862526,-0.355014,3.427576,1.161884,0.020899,0.012976,1.161884,-0.029025,2.689931,1.359313,-0.054212,0.467873,1.359313,0.369123,2.86449,1.137483,0.311695,0.716803,1.137483,0.184066,2.611157,1.318713,0.403389,0.756061,1.318713,0.020104,0.020381,0.021297,0.028586,0.027531,0.028867,0.025021,0.024881,0.025764,0.028858,0.029016,0.031309,0.029847,0.031106,0.033924,-0.070474,1.817905,0.214951,9.624584,0.003289,7.088763,-0.012056,8.002152,0.003065,6.752731
2023-01-13,274.65,278.35,272.4,274.55,545729.0,98.670738,100.825991,98.634812,100.78928,0.1,0.109389,5.95,1.597395,1.532693,-0.970844,0.199046,-1.633119,-0.970844,-0.289102,3.422964,0.116417,-0.042158,0.032861,0.116417,-0.014127,2.688566,0.045941,-0.071363,0.476761,0.045941,0.367432,2.864594,-0.09008,0.313461,0.717019,-0.09008,0.205544,2.59263,-0.037088,0.411305,0.809761,-0.037088,0.017213,0.018522,0.019575,0.028214,0.027061,0.028486,0.024795,0.024565,0.025486,0.028799,0.028935,0.031245,0.029744,0.031039,0.03386,-0.088195,1.863762,0.208103,9.690891,0.002129,7.082876,-0.012265,7.998501,0.002395,6.668998
2023-01-16,274.9,297.9,274.8,292.95,1116867.0,92.279288,100.03639,98.338369,106.604803,18.05,6.701876,23.1,2.468805,2.788229,1.518193,0.955353,0.043188,1.518193,0.034945,3.76361,1.771419,0.055196,-0.319776,1.771419,0.091841,2.845422,2.323042,0.100264,0.420973,2.323042,0.42006,2.932032,2.142479,0.340803,0.584473,2.142479,0.230058,2.630672,2.460138,0.44079,0.766128,2.460138,0.026889,0.025477,0.026209,0.030012,0.02828,0.029656,0.025652,0.02515,0.026067,0.029046,0.029062,0.031356,0.029911,0.031136,0.033942,1.156931,3.5424,0.316028,10.135728,0.021403,7.839095,-0.007852,8.459464,0.003605,6.842516
2023-01-17,294.0,294.0,286.5,290.45,579030.0,100.0,102.617801,98.792517,101.378709,3.55,-0.853388,7.5,2.290426,3.002849,-1.046944,0.718901,-0.278337,-1.046944,-0.084882,3.751195,-0.20487,0.157686,-0.262117,-0.20487,0.055853,2.845777,-0.319505,0.138394,0.425775,-0.319505,0.417251,2.933127,-0.433203,0.34291,0.580587,-0.433203,0.227937,2.631378,-0.410935,0.442604,0.763624,-0.410935,0.025924,0.023814,0.025135,0.029951,0.028208,0.029657,0.025653,0.025129,0.026014,0.029061,0.029074,0.031379,0.029865,0.031107,0.033857,-0.236597,7.101724,0.327151,9.80921,0.021271,7.84225,-0.00921,8.446516,0.003344,6.852255
2023-01-18,290.5,302.35,283.5,289.05,826436.0,96.080701,102.469136,95.601125,101.957672,1.45,-0.482011,18.85,1.82066,3.258526,-0.70666,1.03396,-0.614007,-0.70666,0.120643,3.600818,-0.167366,0.102446,0.08744,-0.167366,0.049336,2.846645,-0.186657,0.145287,0.422798,-0.186657,0.398163,2.932701,-0.300124,0.362266,0.592213,-0.300124,0.212976,2.626839,-0.264572,0.458732,0.797559,-0.264572,0.030116,0.030045,0.030827,0.029619,0.028744,0.030093,0.026091,0.025743,0.026552,0.029286,0.029386,0.031643,0.029824,0.03108,0.033784,-0.918166,6.808334,0.250305,10.234399,0.019486,7.862244,-0.009133,8.445233,0.003582,6.823013
2023-01-19,289.05,290.0,277.0,279.65,488940.0,99.672414,104.350181,96.431034,100.956679,9.4,-3.252033,13.0,0.444767,3.724055,-0.992681,1.54438,3.199003,-0.992681,0.305495,3.301217,-1.077641,0.458093,0.000974,-1.077641,0.037833,2.859022,-1.150696,0.141682,0.384902,-1.150696,0.377488,2.951201,-1.229845,0.359029,0.535064,-1.229845,0.192511,2.637843,-1.305819,0.464952,0.763583,-1.305819,0.031661,0.031296,0.031144,0.028604,0.027841,0.028791,0.026085,0.025664,0.026478,0.02931,0.029367,0.031621,0.029843,0.031071,0.033773,-1.390673,7.226925,0.090497,10.080827,0.005042,8.005231,-0.01226,8.49724,0.00316,6.890147
2023-01-20,280.0,290.55,272.55,274.65,785350.0,96.368955,102.733443,94.52762,100.770501,5.35,-1.787949,18.0,0.065299,3.860923,-0.480001,1.798985,3.664552,-0.480001,0.483215,3.068646,-0.740119,0.723097,0.154646,-0.740119,0.057441,2.842699,-0.649168,0.137398,0.445371,-0.649168,0.373595,2.953823,-0.731778,0.360289,0.525861,-0.731778,0.184062,2.641482,-0.746555,0.470593,0.750348,-0.746555,0.03555,0.036235,0.036577,0.028987,0.028503,0.028903,0.026295,0.026158,0.026936,0.029406,0.029495,0.031552,0.029933,0.031182,0.033873,-1.937829,4.415014,-0.028586,8.918587,-0.006126,7.911501,-0.014623,8.459643,0.00282,6.91603
2023-01-23,276.05,281.25,269.05,275.7,362320.0,98.151111,102.601747,98.026667,102.47166,0.35,0.382305,12.2,-1.198615,1.38707,1.139755,-0.703007,0.247764,1.139755,0.148595,2.648117,0.088255,0.646876,0.620409,0.088255,0.053331,2.842065,0.115752,0.141903,0.44947,0.115752,0.339171,2.933184,0.014706,0.387088,0.626274,0.014706,0.166086,2.627735,0.082283,0.48348,0.82113,0.082283,0.03059,0.034213,0.034361,0.027064,0.027765,0.028073,0.026453,0.02639,0.027119,0.029332,0.02946,0.031478,0.029732,0.03095,0.03358,0.116545,1.512004,0.074048,6.479583,-0.004063,7.912347,-0.012526,8.386789,0.003422,6.831442
2023-01-24,278.2,281.9,269.3,275.75,679253.0,98.687478,103.304864,97.818375,102.395098,2.45,0.018136,12.6,-1.02431,1.492082,0.698652,-0.931405,-0.396022,0.698652,0.09011,2.63685,-0.027296,0.725561,0.765685,-0.027296,-0.003647,2.812912,0.007744,0.188393,0.593515,0.007744,0.315444,2.926008,-0.101609,0.4112,0.673771,-0.101609,0.173969,2.624899,-0.059367,0.477387,0.830997,-0.059367,0.032224,0.036307,0.036294,0.027423,0.028238,0.028561,0.026574,0.026625,0.027329,0.029409,0.029597,0.031602,0.029745,0.030971,0.033605,0.463463,1.351452,0.088594,6.344355,0.002745,7.752653,-0.011474,8.366216,0.00314,6.822788
2023-01-25,276.5,278.5,270.05,272.85,241513.0,99.281867,102.388447,97.971275,101.036845,3.65,-1.051677,8.45,-1.138244,1.461762,0.059221,-0.621153,-0.532358,0.059221,0.196184,2.539544,-0.491372,0.791648,1.092621,-0.491372,-0.05273,2.809285,-0.355588,0.239958,0.628233,-0.355588,0.285389,2.924445,-0.457203,0.440456,0.699467,-0.457203,0.183942,2.616377,-0.472264,0.479458,0.862565,-0.472264,0.028424,0.031417,0.031485,0.027101,0.028205,0.028464,0.026642,0.026702,0.027389,0.029405,0.029596,0.0316,0.029608,0.030818,0.033469,0.62068,0.938913,0.020757,6.112493,0.003723,7.731352,-0.011293,8.360591,0.002471,6.790849
2023-01-27,274.95,278.55,272.1,273.6,406783.0,98.707593,101.047409,98.22294,100.551268,1.35,0.274876,6.45,-0.432862,0.947099,0.74727,-0.8521,-1.393755,0.74727,0.309378,2.486926,-0.013873,0.730812,1.272746,-0.013873,0.015443,2.77413,0.093519,0.201544,0.764943,0.093519,0.207278,2.816305,0.024002,0.359072,0.721302,0.024002,0.181729,2.616111,0.035605,0.482125,0.865808,0.035605,0.026378,0.030235,0.030598,0.026274,0.027259,0.027708,0.026378,0.026456,0.027171,0.028718,0.028714,0.030526,0.029605,0.030814,0.033467,0.269167,0.572695,-0.012622,5.870265,-0.003052,7.539943,-0.006571,7.816276,0.002565,6.787885
2023-01-30,275.0,278.9,259.05,264.5,538983.0,98.601649,106.157113,94.836859,102.103841,10.5,-3.326023,19.85,-0.740477,1.55314,-1.664723,-1.60324,2.243005,-1.664723,0.11312,2.614464,-1.315429,0.722408,0.891846,-1.315429,-0.145782,2.728098,-1.165735,0.247674,0.923991,-1.165735,0.231748,2.774135,-1.282479,0.430654,0.738732,-1.282479,0.160555,2.62731,-1.327052,0.488221,0.83162,-1.327052,0.028178,0.031015,0.030267,0.027805,0.028786,0.028929,0.026701,0.02693,0.027562,0.028603,0.028802,0.030549,0.029745,0.030953,0.033575,-0.715992,0.904506,-0.059981,6.374031,0.000644,7.293584,-0.012295,7.492911,0.002151,6.852821
2023-01-31,265.65,275.0,262.0,271.25,744438.0,96.6,101.39313,98.636364,103.530534,5.6,2.551985,13.0,-0.306541,2.138173,1.336901,-0.185626,0.990295,1.336901,0.44629,2.468264,0.853107,0.755334,0.833337,0.853107,-0.045045,2.732953,0.950265,0.164892,0.868744,0.950265,0.257038,2.783724,0.824416,0.40438,0.675561,0.824416,0.177088,2.631922,0.902343,0.470644,0.795659,0.902343,0.028658,0.031085,0.030287,0.026897,0.028184,0.028159,0.026765,0.02708,0.027667,0.028648,0.028835,0.030549,0.029794,0.03101,0.033617,0.279335,3.50137,-0.091843,5.507243,0.001264,7.319319,-0.011043,7.570014,0.00237,6.873655
2023-02-01,273.1,284.9,261.0,267.65,975101.0,95.858196,104.636015,93.945244,102.547893,5.45,-1.327189,23.9,-0.575606,2.171489,-0.346114,0.401632,0.646624,-0.346114,0.477106,2.44055,-0.739298,0.771735,0.939629,-0.739298,-0.065218,2.73873,-0.460787,0.184709,0.841229,-0.460787,0.249731,2.786944,-0.565824,0.409409,0.663626,-0.565824,0.164811,2.63319,-0.566613,0.482909,0.797786,-0.566613,0.034989,0.038724,0.037379,0.028828,0.030733,0.030495,0.027615,0.02819,0.028658,0.029059,0.029388,0.031011,0.02998,0.031245,0.033781,0.172609,3.712705,-0.154912,4.860545,-0.002423,7.349404,-0.012501,7.559162,0.002289,6.881555
2023-02-02,267.65,271.75,259.05,261.1,857986.0,98.49126,103.319822,96.080957,100.791353,6.55,-2.447226,12.7,-0.854715,2.331752,-0.682967,0.714523,-0.384584,-0.682967,0.315921,2.524739,-1.094429,0.819219,0.726292,-1.094429,-0.076172,2.747298,-0.863049,0.187918,0.802734,-0.863049,0.204949,2.794004,-0.949238,0.443442,0.661311,-0.949238,0.150755,2.639617,-0.984227,0.490605,0.775942,-0.984227,0.036345,0.039998,0.038595,0.029371,0.031312,0.030972,0.027742,0.02836,0.028799,0.029132,0.029457,0.031064,0.030015,0.031274,0.033803,-0.344537,4.112242,-0.191961,4.830358,-0.01252,7.364051,-0.013024,7.58705,0.001929,6.920332
2023-02-03,264.0,269.6,261.2,264.15,488595.0,97.922849,101.071975,97.978487,101.129403,0.15,1.168135,8.4,-0.676064,2.470052,0.746623,0.427679,-1.972895,0.746623,0.41488,2.517019,0.299265,0.703176,0.627581,0.299265,-0.066201,2.750962,0.448692,0.177384,0.77945,0.448692,0.224321,2.793898,0.337813,0.423125,0.649347,0.337813,0.163121,2.638555,0.380895,0.478139,0.772448,0.380895,0.036792,0.040584,0.039333,0.029394,0.031448,0.031112,0.02783,0.028494,0.028868,0.029112,0.029459,0.03106,0.029903,0.031135,0.03369,0.398911,4.562667,-0.197581,4.720592,-0.007766,7.403878,-0.013042,7.586071,0.001862,6.915613
2023-02-06,264.15,269.0,261.65,263.9,1457623.0,98.197026,100.955475,98.104089,100.859927,0.25,-0.094643,7.35,-0.029788,1.976868,-0.032807,0.141106,-1.167911,-0.032807,0.223107,2.393353,-0.132764,0.928098,1.603133,-0.132764,-0.049758,2.74823,-0.016332,0.159847,0.790663,-0.016332,0.222691,2.794037,-0.113575,0.424834,0.649631,-0.113575,0.168157,2.63709,-0.099655,0.473705,0.776956,-0.099655,0.031872,0.035996,0.035083,0.029025,0.03128,0.030941,0.027896,0.028603,0.028966,0.029141,0.029504,0.031086,0.02984,0.031063,0.033607,-0.279793,2.969838,-0.152345,4.670027,-0.009916,7.381238,-0.013326,7.580603,0.001632,6.910588
2023-02-07,265.0,302.0,265.0,278.7,5397792.0,87.748344,100.0,92.284768,105.169811,13.7,5.608185,37.0,0.581452,3.117898,1.612219,1.2671,1.73793,1.612219,0.386275,2.643756,1.975186,0.946558,0.808139,1.975186,0.063131,2.862355,1.937235,0.182353,0.502756,1.937235,0.271483,2.845104,1.875749,0.419711,0.493987,1.875749,0.201397,2.663552,2.029916,0.465625,0.692506,2.029916,0.045594,0.051055,0.054409,0.03376,0.036717,0.037666,0.029988,0.031086,0.031996,0.030131,0.030714,0.032497,0.030285,0.031581,0.034218,1.622333,2.5131,-0.041915,6.581559,0.00343,8.026762,-0.00982,7.933316,0.002262,7.04198
2023-02-08,280.7,291.25,278.75,284.75,1262908.0,96.377682,100.699552,97.76824,102.152466,4.05,2.170793,12.5,1.281049,2.971576,0.299418,0.43347,0.785212,0.299418,0.49289,2.671839,0.627996,0.801492,0.471438,0.627996,0.071702,2.86812,0.73187,0.176088,0.474801,0.73187,0.296357,2.850778,0.657517,0.393638,0.452818,0.657517,0.212251,2.667148,0.734321,0.453458,0.666294,0.734321,0.040791,0.045243,0.049632,0.033906,0.03685,0.037878,0.030159,0.031308,0.032219,0.030184,0.030777,0.032546,0.030244,0.031522,0.034115,1.367609,3.323505,-0.021913,6.76582,0.012501,8.029045,-0.009048,7.977449,0.002526,7.056845
2023-02-09,286.0,286.3,280.1,283.85,284973.0,99.895215,102.106391,99.144254,101.338808,2.15,-0.316067,6.2,1.707281,2.401221,-0.842633,1.359355,1.737974,-0.842633,0.383745,2.657306,-0.263354,0.941973,0.732633,-0.263354,0.017931,2.849246,-0.117223,0.227346,0.57936,-0.117223,0.281854,2.850161,-0.209785,0.409107,0.464336,-0.209785,0.217051,2.66532,-0.20002,0.449779,0.672669,-0.20002,0.039156,0.04369,0.048497,0.033798,0.036737,0.037791,0.030097,0.03126,0.032191,0.03009,0.030651,0.032419,0.030198,0.031465,0.03407,-0.070297,4.602805,-0.011776,6.703599,0.017224,7.894061,-0.008904,7.976122,0.002223,7.051943
2023-02-10,283.75,289.35,278.1,280.85,1294820.0,98.064628,102.031643,97.062381,100.988853,2.9,-1.056896,11.25,1.262274,2.712162,-0.8551,1.335134,1.146564,-0.8551,0.149529,2.561054,-0.471066,1.228737,1.719556,-0.471066,-0.048859,2.834177,-0.355672,0.292643,0.677469,-0.355672,0.201747,2.772255,-0.454014,0.388218,0.563329,-0.454014,0.198208,2.660913,-0.471682,0.468737,0.706871,-0.471682,0.039678,0.044247,0.048692,0.034008,0.037076,0.037916,0.030195,0.031393,0.032263,0.029773,0.030406,0.032183,0.030218,0.031494,0.034083,-0.784876,4.652597,0.01886,6.219222,0.020241,7.786588,-0.005656,7.581889,0.002409,7.025719
2023-02-13,282.4,284.5,275.15,282.4,342182.0,99.261863,102.634926,99.261863,102.634926,0.0,0.551896,9.35,1.391582,2.645897,-0.317354,1.241516,1.218089,-0.317354,0.171654,2.5626,0.148381,1.19796,1.6552,0.148381,-0.015334,2.831107,0.200356,0.257958,0.679636,0.200356,0.246905,2.740309,0.111298,0.387731,0.651185,0.111298,0.214168,2.653366,0.127283,0.460746,0.731437,0.127283,0.039995,0.04464,0.049296,0.03418,0.037294,0.038208,0.030067,0.031226,0.032072,0.029546,0.030348,0.032059,0.030204,0.031481,0.034069,-1.334027,2.041364,0.023974,6.219463,0.01902,7.779526,-0.007973,7.38124,0.002033,6.991365
2023-02-14,282.0,301.5,278.0,282.6,2986304.0,93.532338,101.438849,93.731343,101.654676,0.6,0.070822,23.5,0.28411,1.207817,-0.17659,0.968975,1.422115,-0.17659,-0.159899,2.051178,0.112482,0.992719,2.270886,0.112482,-0.001857,2.829856,0.025683,0.243608,0.681257,0.025683,0.236912,2.739099,-0.060637,0.399131,0.663701,-0.060637,0.211227,2.653196,-0.05292,0.464167,0.73449,-0.05292,0.029024,0.03375,0.036361,0.034199,0.038349,0.039613,0.030778,0.032187,0.033196,0.029515,0.030396,0.031857,0.030383,0.031719,0.034332,-0.333198,0.945015,0.125642,3.47208,0.017784,7.782062,-0.007578,7.379783,0.002079,6.989845
2023-02-15,283.1,292.65,281.6,289.75,897898.0,96.736716,100.53267,99.009055,102.894176,6.65,2.530078,11.05,0.355966,1.350395,1.609982,1.207597,1.975904,1.609982,0.009275,2.129022,1.184019,0.74228,1.30641,1.184019,0.062265,2.850517,0.865742,0.18322,0.56312,0.865742,0.27172,2.745962,0.822428,0.364176,0.610875,0.822428,0.238354,2.649007,0.865126,0.446932,0.732379,0.865126,0.028468,0.032695,0.035109,0.034413,0.038515,0.039711,0.030818,0.032183,0.033189,0.029274,0.030167,0.031437,0.030356,0.031695,0.034313,0.682001,0.528603,0.153121,3.526519,0.02209,7.861314,-0.006936,7.424822,0.001957,6.969387
2023-02-16,291.2,294.5,287.5,291.8,365220.0,98.879457,101.286957,99.083192,101.495652,0.6,0.707506,7.0,0.560681,1.29968,0.11297,0.624699,1.614925,0.11297,0.068751,2.131189,0.299718,0.649741,1.191348,0.299718,0.064548,2.850996,0.225521,0.180734,0.559994,0.225521,0.266143,2.74449,0.160818,0.370536,0.621763,0.160818,0.240725,2.649215,0.176196,0.444143,0.729573,0.176196,0.028594,0.032909,0.035126,0.033465,0.037345,0.038638,0.03082,0.032185,0.033193,0.02924,0.03012,0.031384,0.030348,0.031686,0.034303,0.550699,0.744797,0.155338,3.512545,0.024909,7.836404,-0.006075,7.426153,0.002026,6.969562
2023-02-17,292.2,297.35,283.4,284.4,728305.0,98.268034,103.105152,95.644863,100.352858,7.8,-2.535984,13.95,0.264864,1.822904,-1.536476,-0.70475,1.952264,-1.536476,0.104553,2.077812,-1.270825,0.767193,1.335818,-1.270825,-0.067366,2.81473,-0.877035,0.256821,0.717703,-0.877035,0.237982,2.758756,-1.005513,0.385265,0.572654,-1.005513,0.234512,2.654283,-1.043783,0.443866,0.710651,-1.043783,0.029508,0.03329,0.035604,0.033521,0.037507,0.038808,0.03085,0.032287,0.03329,0.029127,0.029925,0.031184,0.030258,0.03155,0.03416,-0.553907,2.044756,0.065695,3.95794,0.028574,7.594215,-0.007731,7.484825,0.00138,7.003639
2023-02-20,285.85,305.9,284.95,299.85,3261690.0,93.44557,100.315845,98.022229,105.228988,14.0,5.432489,20.95,1.240982,2.964365,1.413964,0.322264,0.367084,1.413964,0.465575,2.342147,2.120667,0.73681,0.626337,2.120667,0.096969,2.891681,1.845128,0.222965,0.524744,1.845128,0.304122,2.803304,1.829401,0.361866,0.431847,1.829401,0.27268,2.673895,1.929698,0.432037,0.645616,1.929698,0.033959,0.036376,0.038203,0.033773,0.037328,0.038565,0.030834,0.032163,0.033214,0.029338,0.030109,0.031336,0.030292,0.031581,0.034166,0.565727,6.389874,0.111926,4.79483,0.034862,7.941489,-0.005505,7.754676,0.001789,7.103296
2023-02-21,301.2,310.55,298.1,306.2,2276659.0,96.989213,101.039919,98.599259,102.717209,5.0,2.117726,12.45,1.650363,2.903071,0.160989,-0.32905,1.031597,0.160989,0.552346,2.37087,0.660255,0.608092,0.324146,0.660255,0.121831,2.903822,0.687334,0.200179,0.460315,0.687334,0.320734,2.809133,0.639696,0.344287,0.395846,0.639696,0.28903,2.675135,0.68359,0.415348,0.628937,0.68359,0.028266,0.028487,0.028123,0.033695,0.03716,0.038423,0.030961,0.032301,0.033316,0.029373,0.030157,0.031336,0.030302,0.031596,0.034102,0.390028,6.438013,0.134214,4.741031,0.041521,7.904519,-0.004336,7.796651,0.00185,7.109163
2023-02-22,308.0,312.65,301.8,304.3,1910813.0,98.512714,102.054341,97.329282,100.828363,3.7,-0.620509,10.85,1.020246,3.004539,-0.546092,0.580641,0.400397,-0.546092,0.520414,2.382715,-0.478833,0.637427,0.292684,-0.478833,0.106701,2.905717,-0.250269,0.215706,0.455584,-0.250269,0.309769,2.81066,-0.330982,0.355281,0.394079,-0.330982,0.301514,2.664965,-0.34598,0.416324,0.663503,-0.34598,0.027966,0.028609,0.028352,0.033469,0.036858,0.038125,0.031062,0.03242,0.033426,0.029318,0.030083,0.03122,0.030274,0.031585,0.034095,0.199768,7.141987,0.109024,4.99825,0.039809,7.944303,-0.004801,7.801609,0.0012,7.061726
2023-02-23,304.3,305.2,293.3,297.25,1026058.0,99.705111,103.750426,97.395151,101.346744,7.05,-2.316793,11.9,0.415386,3.365923,-0.811717,0.917877,-0.455144,-0.811717,0.457158,2.442685,-1.135615,0.601914,0.120593,-1.135615,-0.005849,2.888014,-0.800184,0.299956,0.562794,-0.800184,0.274755,2.82144,-0.918519,0.380593,0.367738,-0.918519,0.294127,2.670186,-0.977805,0.417881,0.643864,-0.977805,0.029231,0.029608,0.029337,0.033639,0.036974,0.038255,0.030971,0.032348,0.033361,0.029387,0.030151,0.031282,0.030263,0.031555,0.034037,-0.561462,8.433071,0.04367,5.604968,0.041953,7.807281,-0.005831,7.852592,0.000638,7.092889
2023-02-24,298.6,301.45,290.0,292.0,864790.0,99.05457,102.965517,96.865152,100.689655,6.6,-1.76619,11.45,0.569345,3.211227,-0.727303,1.009908,-0.168497,-0.727303,0.355105,2.492824,-0.85096,0.661396,0.00061,-0.85096,0.001227,2.883158,-0.613014,0.297347,0.581488,-0.613014,0.169396,2.694895,-0.718242,0.229185,0.036479,-0.718242,0.298982,2.665526,-0.774771,0.419678,0.65978,-0.774771,0.028215,0.028525,0.028134,0.033893,0.037171,0.038392,0.030922,0.03233,0.033326,0.028717,0.029668,0.03079,0.029979,0.031194,0.033664,-1.883188,1.156793,0.009029,5.900753,0.032634,7.924573,-0.001895,7.186845,-0.000127,7.069452
2023-02-27,292.0,311.9,290.9,300.65,3439061.0,93.61975,100.378137,96.393075,103.351667,8.65,2.962329,21.0,0.075312,2.350733,1.228135,0.394951,-2.62323,1.228135,0.669522,2.398893,0.955777,0.589029,-0.234665,0.955777,0.08465,2.907672,0.989685,0.22419,0.446424,0.989685,0.145595,2.659017,1.059314,0.202039,0.07518,1.059314,0.294066,2.659668,1.003232,0.420073,0.682593,1.003232,0.027991,0.030117,0.030555,0.033735,0.037144,0.038626,0.031295,0.032746,0.033818,0.028739,0.029689,0.030757,0.029874,0.031156,0.033588,0.054353,4.414848,-0.011848,5.462284,0.036637,8.005931,0.0029,6.992662,0.00082,7.036221
2023-02-28,302.9,330.0,302.2,317.55,11175329.0,91.787879,100.231635,96.227273,105.079418,14.65,5.621154,27.8,0.775998,3.399775,1.42514,0.800085,-1.347446,1.42514,0.822981,2.614162,1.835454,0.63484,-0.497988,1.835454,0.192655,3.011286,1.802718,0.221826,0.191141,1.802718,0.239517,2.685023,2.004317,0.208506,0.053044,2.004317,0.337522,2.675382,1.974908,0.413652,0.635174,1.974908,0.034948,0.036914,0.038252,0.035148,0.03847,0.04015,0.032096,0.03355,0.034669,0.02911,0.030083,0.031164,0.029969,0.031329,0.033697,1.776245,2.936686,0.088613,6.231063,0.049998,8.365898,0.003779,7.125359,0.001108,7.117785
2023-03-01,320.3,368.5,317.65,344.9,10371990.0,86.919946,100.834252,93.595658,108.578624,24.6,8.612817,50.85,2.622663,4.707667,1.272425,0.147305,-2.058292,1.272425,1.319981,3.086142,2.363092,0.804392,0.087254,2.363092,0.334048,3.233751,2.560114,0.416143,0.319439,2.560114,0.346688,2.801868,2.950221,0.347474,0.346243,2.950221,0.38001,2.738563,3.006251,0.478715,0.70706,3.006251,0.052172,0.055056,0.057024,0.03866,0.04173,0.043757,0.034394,0.036008,0.037191,0.030311,0.031393,0.032504,0.030498,0.031865,0.034249,2.924656,0.622475,0.165946,8.132413,0.073118,9.134653,0.007332,7.727161,0.00231,7.444445
2023-03-02,342.65,342.65,319.05,321.7,4939782.0,100.0,107.39696,93.885889,100.830591,20.95,-6.726587,23.6,1.740704,6.078024,-1.393099,-0.492487,-0.900952,-1.393099,1.106013,3.483804,-2.24829,0.117557,0.655729,-2.24829,0.291367,3.313209,-2.118174,0.291325,0.372589,-2.118174,0.251814,2.878866,-2.42401,0.2623,0.407657,-2.42401,0.330271,2.776772,-2.541389,0.422983,0.750177,-2.541389,0.054545,0.055831,0.057844,0.039308,0.04179,0.043913,0.034378,0.035885,0.037103,0.030309,0.031244,0.032365,0.030573,0.031865,0.034258,-0.427031,29.189195,-0.008487,11.527652,0.044439,10.346543,0.004594,8.18741,0.001677,7.662533
2023-03-03,324.0,333.4,315.0,322.95,4370055.0,97.180564,102.857143,96.865627,102.52381,1.05,0.388561,18.4,2.171655,5.838898,-0.305382,-0.840278,0.756944,-0.305382,1.067034,3.487432,-0.194548,0.153939,0.645904,-0.194548,0.438119,3.144153,-0.015762,0.45453,0.44794,-0.015762,0.280071,2.866046,0.037853,0.244167,0.451756,0.037853,0.33514,2.776013,0.019244,0.418198,0.751259,0.019244,0.055673,0.057682,0.059461,0.039814,0.042447,0.044393,0.034151,0.035873,0.036912,0.030359,0.031364,0.032459,0.030563,0.031889,0.034195,-1.749528,21.152489,-0.017755,11.543589,0.026936,9.536884,0.003045,8.124348,0.001548,7.659727
2023-03-06,326.85,338.0,325.6,334.55,2897349.0,96.701183,100.383907,98.97929,102.748771,7.7,3.591887,12.4,2.297566,5.866932,0.220613,-0.930727,0.820525,0.220613,1.251361,3.520072,0.664909,-0.001338,0.488838,0.664909,0.616804,3.061729,0.9717,0.475943,0.445314,0.9717,0.26839,2.849937,1.166165,0.237016,0.490564,1.166165,0.361647,2.781695,1.161249,0.396925,0.712548,1.161249,0.053383,0.054818,0.056459,0.039956,0.042509,0.044525,0.033995,0.035687,0.036561,0.030209,0.031235,0.032364,0.030559,0.031867,0.034176,-1.228279,24.519371,-2.8e-05,11.771364,0.020201,9.101721,0.007728,7.99116,0.001726,7.68921
2023-03-08,333.0,344.8,331.0,336.6,2353310.0,96.577726,100.60423,97.62181,101.691843,3.6,0.612763,13.8,1.295888,5.578061,-0.122466,-0.272624,1.086043,-0.122466,1.00159,3.368628,-0.115426,0.119187,1.059833,-0.115426,0.487565,2.916509,0.042928,0.458415,0.746182,0.042928,0.307563,2.827161,0.107953,0.221195,0.566084,0.107953,0.354018,2.778888,0.093111,0.405125,0.731383,0.093111,0.049107,0.050605,0.051914,0.036312,0.038321,0.039428,0.033323,0.035399,0.036285,0.030201,0.031305,0.032435,0.030569,0.031877,0.034145,-0.568163,24.246196,0.059641,10.662002,0.036007,8.065914,0.005767,7.885201,0.002031,7.669855
2023-03-09,337.0,339.0,331.1,335.5,1224524.0,99.410029,101.781939,98.967552,101.328904,1.5,-0.326797,7.9,-0.492035,3.793791,0.043555,-1.31391,2.807842,0.043555,0.87671,3.369297,-0.357198,0.236695,1.08891,-0.357198,0.457272,2.916953,-0.268798,0.489903,0.765198,-0.268798,0.279829,2.819559,-0.215149,0.248484,0.611745,-0.215149,0.353082,2.779087,-0.244641,0.406013,0.730874,-0.244641,0.029344,0.028861,0.029119,0.035971,0.037919,0.039003,0.033274,0.035338,0.036232,0.030211,0.03132,0.032403,0.030526,0.031829,0.034084,1.302378,8.121901,0.059125,10.668323,0.035805,8.071463,0.006686,7.83316,0.001855,7.673234
2023-03-10,335.0,349.35,332.5,339.65,2560021.0,95.892372,100.75188,97.223415,102.150376,4.65,1.23696,16.85,1.100675,1.500629,0.090819,1.489156,2.595163,0.090819,0.954362,3.358239,0.084151,0.164643,1.125818,0.084151,0.545475,2.871255,0.24083,0.461039,0.896551,0.24083,0.274193,2.81705,0.341764,0.254056,0.626282,0.341764,0.35759,2.779789,0.316344,0.400954,0.724443,0.316344,0.025884,0.029342,0.029683,0.03646,0.038528,0.039581,0.033331,0.035537,0.036423,0.030277,0.031415,0.032508,0.030558,0.031868,0.034112,-0.222189,1.702775,0.045438,10.645232,0.028749,7.907103,0.008177,7.800705,0.001985,7.675464
2023-03-13,340.8,342.8,330.35,332.7,1358040.0,99.416569,103.163312,97.053676,100.711367,8.1,-2.046224,12.45,0.613718,2.074716,-1.282075,0.326835,0.747517,-1.282075,0.904895,3.396492,-0.868873,0.179515,0.965473,-0.868873,0.54433,2.872297,-0.90191,0.460771,0.892723,-0.90191,0.267694,2.821688,-0.820047,0.256262,0.6079,-0.820047,0.348473,2.784688,-0.859952,0.405544,0.7062,-0.859952,0.023157,0.025132,0.025933,0.036409,0.038343,0.03942,0.033154,0.035295,0.036223,0.030202,0.031326,0.032386,0.030566,0.031866,0.034101,-1.065203,1.174244,-0.029184,10.931032,0.016444,8.028776,0.005786,7.854414,0.001538,7.707828
2023-03-14,332.0,334.0,311.55,315.45,1409352.0,99.401198,106.563954,94.446108,101.251805,16.55,-5.184851,22.45,-1.14163,2.577085,-1.568913,-1.154888,0.780731,-1.568913,0.618058,3.659896,-1.585539,0.135939,0.357786,-1.585539,0.42865,2.984333,-1.880991,0.381588,0.680235,-1.880991,0.199796,2.870455,-1.875886,0.244158,0.522441,-1.875886,0.304816,2.802684,-1.958718,0.398386,0.704492,-1.958718,0.028013,0.028565,0.028548,0.03732,0.038895,0.039852,0.033584,0.035573,0.036439,0.030378,0.031406,0.032461,0.030566,0.031828,0.034056,-1.331466,1.767492,-0.121754,12.232197,0.003098,8.726118,0.003357,8.147725,0.001195,7.811005
2023-03-15,320.05,324.5,306.0,309.1,1880256.0,98.628659,104.591503,95.254237,101.013072,10.95,-2.012997,18.5,-1.666782,2.391021,-0.144798,-0.510539,0.702241,-0.144798,0.513867,3.70567,-0.681891,0.203968,0.208925,-0.681891,0.470619,2.933505,-0.846638,0.423606,0.806752,-0.846638,0.167215,2.876953,-0.75782,0.271993,0.505464,-0.75782,0.321046,2.779607,-0.839703,0.42846,0.739543,-0.839703,0.030214,0.03015,0.030189,0.036554,0.037563,0.038195,0.033406,0.03545,0.036319,0.03053,0.031548,0.032618,0.030491,0.031767,0.03401,-0.979421,2.655054,-0.167981,12.107153,-0.013766,8.393879,0.002676,8.188124,1e-05,7.687585
2023-03-16,310.5,311.95,295.2,299.5,1709998.0,99.535182,105.182927,96.008976,101.45664,11.0,-3.105791,16.75,-2.222581,2.323712,-0.380086,0.489382,1.468685,-0.380086,0.232073,3.758194,-0.888156,0.384688,0.156098,-0.888156,0.447373,2.957532,-1.201395,0.411898,0.731075,-1.201395,0.083293,2.848377,-1.119615,0.29501,0.589473,-1.119615,0.305659,2.790049,-1.22272,0.430984,0.704489,-1.22272,0.033053,0.032542,0.032497,0.036938,0.037887,0.038522,0.03355,0.035547,0.036423,0.03053,0.031567,0.032617,0.030561,0.031821,0.03406,-0.865227,2.822474,-0.187856,12.244439,-0.028093,8.407702,0.003834,8.01987,-0.000554,7.744429
2023-03-17,303.7,310.85,297.35,300.85,5539920.0,97.699855,102.135531,96.783014,101.177064,2.85,0.450751,13.5,-2.379822,2.040417,1.387252,0.015321,1.116312,1.387252,0.219236,3.756923,0.061624,0.396362,0.167681,0.061624,0.440859,2.957151,0.003345,0.418912,0.737066,0.003345,0.098958,2.846023,0.123609,0.279686,0.594734,0.123609,0.323004,2.780047,0.045951,0.425422,0.737098,0.045951,0.032534,0.031931,0.032148,0.037276,0.038322,0.039035,0.033704,0.03576,0.036649,0.030419,0.031476,0.032485,0.0305,0.031752,0.033998,0.707301,2.330093,-0.177225,12.36441,-0.027279,8.414879,0.003326,8.009631,-0.001034,7.686455
2023-03-20,300.85,311.75,295.0,297.4,2080507.0,96.503609,101.983051,95.396953,100.813559,3.45,-1.146751,16.75,-2.199928,2.115454,0.497849,-0.331842,0.154954,0.497849,0.288697,3.71592,-0.386297,0.368244,0.276618,-0.386297,0.434145,2.960431,-0.534009,0.422938,0.724978,-0.534009,0.065805,2.840976,-0.42681,0.31205,0.63268,-0.42681,0.323142,2.779973,-0.528744,0.425349,0.737384,-0.528744,0.034347,0.034959,0.035695,0.037455,0.038713,0.039502,0.03393,0.036079,0.036968,0.030441,0.031522,0.032567,0.030543,0.031809,0.034067,1.053995,1.358305,-0.240242,11.198587,-0.03408,8.34699,0.00384,7.978147,-0.001479,7.682317
2023-03-21,299.6,306.7,291.35,295.0,976018.0,97.685034,102.831646,96.185197,101.252789,4.6,-0.806994,15.35,-1.324356,1.332099,0.388381,-0.042748,0.057632,0.388381,-0.023277,3.517988,-0.222774,0.545812,1.055435,-0.222774,0.343189,2.926432,-0.393032,0.502721,0.934653,-0.393032,0.021325,2.819171,-0.293816,0.346322,0.742803,-0.293816,0.31064,2.779402,-0.402113,0.438292,0.74825,-0.402113,0.031948,0.034426,0.035343,0.036874,0.038449,0.039199,0.034002,0.036253,0.037125,0.030425,0.031505,0.032494,0.03059,0.031869,0.034118,0.437105,1.037469,-0.174677,10.742896,-0.028903,8.218757,0.005488,7.843148,-0.001441,7.679528
2023-03-22,296.25,304.95,296.1,301.0,1240756.0,97.147073,100.050659,98.704706,101.654846,4.75,2.033898,8.85,-0.514977,1.912206,1.33295,-0.012354,0.255243,1.33295,-0.027468,3.515352,0.58639,0.549523,1.070991,0.58639,0.33697,2.922419,0.580659,0.50873,0.959544,0.580659,0.076795,2.803452,0.698105,0.31607,0.776752,0.698105,0.328698,2.778804,0.613645,0.421686,0.739732,0.613645,0.028891,0.031645,0.032525,0.036676,0.03819,0.039018,0.03403,0.0363,0.037181,0.030227,0.031306,0.032334,0.030563,0.031838,0.034097,0.902163,1.297428,-0.111484,11.32656,-0.020023,8.286235,0.004542,7.763561,-0.001468,7.675957
2023-03-23,301.7,317.2,301.0,314.65,2699737.0,95.113493,100.232558,99.196091,104.534884,12.95,4.534884,16.2,1.013158,2.331251,1.510659,0.935878,-0.054321,1.510659,0.230301,3.655786,1.177471,0.367067,0.408695,1.177471,0.426898,2.981628,1.377766,0.444091,0.665743,1.377766,0.156484,2.81588,1.554896,0.286126,0.711546,1.554896,0.365026,2.786089,1.496671,0.40306,0.697166,1.496671,0.028516,0.030588,0.031517,0.037043,0.038271,0.039107,0.034176,0.036301,0.037205,0.030036,0.031242,0.032073,0.030561,0.03182,0.03408,1.134891,1.771828,-0.055671,12.593484,-0.010876,8.687671,0.005062,7.828534,-0.001302,7.717833
2023-03-24,315.8,318.15,304.0,308.75,950653.0,99.261355,103.881579,97.045419,101.5625,7.05,-1.875099,14.15,0.547988,2.677813,-0.904875,0.978032,-0.618699,-0.904875,0.252386,3.640893,-0.584331,0.360085,0.453367,-0.584331,0.352059,2.991693,-0.744448,0.505759,0.6716,-0.744448,0.145596,2.821661,-0.716137,0.292721,0.68782,-0.716137,0.351683,2.790414,-0.798012,0.413034,0.684084,-0.798012,0.02864,0.030216,0.030543,0.037161,0.03844,0.039245,0.0343,0.036426,0.037307,0.030054,0.031245,0.032059,0.030557,0.031801,0.034065,0.388518,5.434654,-0.125966,12.06571,-0.012766,8.73728,0.003284,7.873168,-0.001572,7.739245
2023-03-27,310.7,312.7,303.9,310.1,484571.0,99.360409,102.237578,99.168532,102.040145,0.6,0.437247,8.8,0.864787,2.516001,-0.169928,0.672705,-0.279631,-0.169928,0.362558,3.609802,0.020691,0.277936,0.536057,0.020691,0.288256,2.954197,0.050434,0.563793,0.886392,0.050434,0.129615,2.815369,0.109269,0.308959,0.726656,0.109269,0.36159,2.787165,0.027145,0.405306,0.694439,0.027145,0.025672,0.026447,0.026505,0.036995,0.038342,0.039212,0.034304,0.03647,0.037299,0.030024,0.031218,0.032049,0.030548,0.031797,0.03407,-0.142052,5.023853,-0.155197,11.578274,-0.004545,8.548432,0.004603,7.829388,-0.001845,7.718105
2023-03-28,312.0,313.25,304.7,308.75,354815.0,99.600958,102.395799,98.563448,101.329176,3.25,-0.435343,8.55,0.939117,2.459111,-0.558926,0.638631,0.031577,-0.558926,0.192674,3.560628,-0.176378,0.425356,0.827065,-0.176378,0.277361,2.955874,-0.241115,0.574044,0.886316,-0.241115,0.131617,2.814891,-0.201415,0.307064,0.728299,-0.201415,0.346806,2.78349,-0.280996,0.420518,0.721329,-0.280996,0.022894,0.022857,0.02323,0.035984,0.037177,0.037956,0.034335,0.0365,0.037341,0.029948,0.03111,0.031962,0.030512,0.031795,0.034051,-0.903612,3.204753,-0.125547,11.520084,-0.006685,8.55314,0.003803,7.832321,-0.001638,7.700135
2023-03-29,308.75,324.9,308.05,321.35,783270.0,95.02924,100.227236,98.907356,104.317481,12.6,4.080972,16.85,1.348532,2.829466,0.965709,0.235788,-2.585495,0.965709,0.115665,3.452041,1.148684,0.397306,1.117133,1.148684,0.224943,2.861347,1.347627,0.499401,0.975861,1.347627,0.158392,2.839735,1.381319,0.29701,0.623799,1.381319,0.376659,2.79139,1.32705,0.399311,0.675181,1.32705,0.02581,0.024804,0.024818,0.034732,0.03566,0.036262,0.033947,0.036253,0.037082,0.030087,0.031199,0.032045,0.03059,0.031852,0.034096,0.053193,6.399044,0.015713,11.312551,0.017998,7.956102,0.00692,7.94355,-0.001418,7.746198
2023-03-31,325.05,335.75,321.65,333.15,1166456.0,96.813105,101.05705,99.225614,103.575315,8.1,3.672009,14.1,1.175957,2.603858,0.958597,0.167055,-2.460184,0.958597,-0.131375,2.952614,1.288141,-0.377105,0.144305,1.288141,0.315451,2.897881,1.15828,0.419992,0.751773,1.15828,0.185652,2.860382,1.218843,0.280339,0.530309,1.218843,0.420393,2.774015,1.172169,0.406117,0.67468,1.172169,0.024509,0.024783,0.025165,0.029015,0.029334,0.029695,0.034071,0.036366,0.037193,0.030157,0.031257,0.032089,0.030551,0.031832,0.034068,1.473794,1.079924,0.200684,6.94292,0.023468,8.115066,0.009485,8.025,-0.001748,7.646503
2023-04-03,337.5,341.0,320.15,325.75,1319354.0,98.973607,105.419335,95.527859,101.74918,11.75,-2.221222,20.85,1.106732,2.707777,-1.229035,0.049664,-2.185262,-1.229035,0.093893,2.570033,-0.900811,0.092034,-0.326621,-0.900811,0.280667,2.918016,-0.857393,0.435079,0.678609,-0.857393,0.165001,2.870311,-0.831346,0.293404,0.494194,-0.831346,0.407355,2.780297,-0.94543,0.413228,0.653165,-0.94543,0.027176,0.027343,0.027987,0.028667,0.029754,0.030057,0.034054,0.036213,0.037082,0.030335,0.031417,0.032244,0.030622,0.031888,0.034128,-0.120959,5.836384,0.066694,6.126918,0.015546,8.294192,0.007848,8.104978,-0.002147,7.676032
2023-04-05,328.4,337.7,325.35,333.35,1169249.0,97.246076,100.937452,98.711874,102.45889,4.95,2.333078,12.35,1.485899,2.723284,0.311087,-0.608718,-1.836617,0.311087,0.191119,2.618099,0.818135,-0.000286,-0.528789,0.818135,0.392369,2.886756,0.67228,0.374984,0.730067,0.67228,0.215101,2.863923,0.739537,0.256358,0.4988,0.739537,0.410197,2.781981,0.691191,0.410475,0.64339,0.691191,0.027926,0.02807,0.028448,0.028084,0.028902,0.029352,0.033978,0.036207,0.037081,0.03029,0.031381,0.032213,0.030628,0.031898,0.034139,-0.076535,5.921306,0.103335,6.156673,0.011724,8.13807,0.007414,8.074236,-0.001655,7.691593
2023-04-06,333.35,334.5,326.4,327.0,1172378.0,99.656203,102.129289,97.757848,100.183824,6.35,-1.904905,8.1,1.191986,3.043007,-1.017708,-0.423114,-3.088838,-1.017708,-0.083721,2.52932,-0.720029,0.187966,-0.281882,-0.720029,0.39003,2.888606,-0.794478,0.375243,0.723084,-0.794478,0.223735,2.856128,-0.745289,0.256741,0.525361,-0.745289,0.419904,2.770419,-0.839154,0.420464,0.672947,-0.839154,0.027712,0.027411,0.02763,0.027827,0.028613,0.028964,0.033606,0.035722,0.036575,0.030173,0.031307,0.032113,0.030473,0.031726,0.033997,-1.331068,3.864426,0.127088,5.540554,0.000979,8.176963,0.004346,8.060154,-0.002642,7.613573
2023-04-10,328.3,334.0,323.5,332.1,377251.0,98.293413,101.483771,99.431138,102.658423,3.8,1.559633,10.5,0.687719,2.624741,0.332191,-0.238417,-2.627038,0.332191,-0.036377,2.551805,0.625444,0.13562,-0.398421,0.625444,0.413576,2.893336,0.396102,0.349378,0.685364,0.396102,0.233454,2.859031,0.463856,0.246584,0.50763,0.463856,0.407046,2.759052,0.417747,0.427808,0.725806,0.417747,0.025239,0.026137,0.026481,0.027617,0.028323,0.028621,0.033504,0.035575,0.036456,0.030185,0.031321,0.032123,0.030251,0.031524,0.03381,-0.390843,5.205894,0.161562,5.318225,0.003712,8.201097,0.00536,8.068377,-0.001913,7.562114
2023-04-11,334.0,342.35,331.7,338.2,924452.0,97.560976,100.693398,98.78779,101.959602,4.2,1.836796,10.65,0.320676,2.196466,0.690254,-0.546985,-3.149261,0.690254,0.071802,2.584497,0.682916,0.013276,-0.551602,0.682916,0.449949,2.899688,0.478274,0.310453,0.634855,0.478274,0.223151,2.851291,0.565935,0.25337,0.54388,0.565935,0.424259,2.75717,0.512314,0.41245,0.724271,0.512314,0.024005,0.025173,0.025259,0.027761,0.028472,0.02877,0.033386,0.035413,0.036299,0.030173,0.031328,0.032123,0.030239,0.031503,0.033773,0.734259,2.781297,0.183736,5.22316,0.006093,8.232297,0.007909,7.996441,-0.002003,7.550606
2023-04-12,339.5,348.5,337.25,344.0,940580.0,97.417504,100.667161,98.708752,102.001483,4.5,1.714962,11.25,1.107913,1.708942,0.355219,-2.070874,4.472711,0.355219,0.095703,2.598013,0.623268,-0.008076,-0.604986,0.623268,0.505282,2.896844,0.417585,0.256401,0.625349,0.417585,0.226276,2.852768,0.521839,0.250369,0.535696,0.521839,0.428834,2.758555,0.466232,0.40731,0.714176,0.466232,0.019152,0.020662,0.0205,0.027313,0.027871,0.028122,0.0334,0.035431,0.036319,0.03021,0.031372,0.03216,0.030256,0.031523,0.033791,0.250547,2.210838,0.225607,4.719818,0.005392,8.217819,0.00951,7.981542,-0.001753,7.561329
2023-04-13,345.75,345.75,338.35,341.4,733942.0,100.0,102.187084,98.741866,100.901433,4.35,-0.755814,7.4,0.490134,1.713631,-0.727081,-0.842061,-1.888337,-0.727081,0.160223,2.557731,-0.358144,-0.060381,-0.448081,-0.358144,0.484668,2.90218,-0.427431,0.275453,0.60632,-0.427431,0.250055,2.834328,-0.354888,0.246347,0.600955,-0.354888,0.444896,2.742127,-0.437875,0.417444,0.760839,-0.437875,0.017333,0.018434,0.018474,0.027014,0.027611,0.027928,0.033391,0.035405,0.036293,0.030089,0.031252,0.032052,0.03018,0.031458,0.033739,0.245351,2.228831,0.179622,5.142105,0.00186,8.253473,0.00689,7.913524,-0.002593,7.459251
2023-04-17,341.25,342.2,326.5,334.55,784022.0,99.722385,104.517611,97.764465,102.465544,6.7,-2.006444,15.7,0.469827,1.74934,-1.415546,-0.875343,-1.704739,-1.415546,0.319143,2.293208,-1.01412,0.376023,-0.998437,-1.01412,0.51106,2.872669,-0.876364,0.291079,0.694291,-0.876364,0.182639,2.80661,-0.779974,0.279842,0.707869,-0.779974,0.409575,2.72787,-0.88568,0.435034,0.824027,-0.88568,0.020401,0.022327,0.022844,0.02612,0.027191,0.02765,0.033039,0.035067,0.03604,0.030037,0.031265,0.032076,0.029346,0.030411,0.03242,-0.972476,0.55673,0.064274,4.858503,-0.013334,8.050158,0.008268,7.741327,-0.002264,7.386987
2023-04-18,336.0,337.4,330.9,334.0,652884.0,99.585062,101.541251,98.992294,100.936839,2.0,-0.1644,6.5,0.12502,1.647791,-0.175641,-0.126296,-1.857935,-0.175641,0.411573,2.230664,-0.258207,0.336578,-0.870473,-0.258207,0.456732,2.858937,-0.21726,0.346671,0.78974,-0.21726,0.205844,2.793896,-0.132519,0.267205,0.75893,-0.132519,0.414574,2.725886,-0.212398,0.431356,0.831487,-0.212398,0.019232,0.021019,0.021618,0.025038,0.02618,0.026578,0.032823,0.03483,0.03584,0.029948,0.031197,0.032009,0.029269,0.030307,0.032335,-0.77238,0.979032,0.020543,4.713035,-0.009925,7.989535,0.006445,7.693183,-0.002587,7.371004
2023-04-19,334.95,339.05,331.1,337.9,492391.0,98.790739,101.162791,99.660817,102.05376,2.95,1.167665,7.95,-0.008806,1.494009,0.787459,-0.205165,-1.230444,0.787459,0.625246,2.075268,0.261373,0.361066,-0.842812,0.261373,0.506629,2.84892,0.23203,0.301152,0.817613,0.23203,0.220706,2.795031,0.338801,0.25109,0.747073,0.338801,0.417865,2.726399,0.275015,0.427561,0.826487,0.275015,0.018397,0.020108,0.020798,0.024128,0.025435,0.025875,0.032032,0.033831,0.034967,0.029905,0.031139,0.031962,0.029266,0.030306,0.03231,-0.050318,1.780585,-0.024193,4.071941,-0.012621,7.920848,0.006699,7.696686,-0.00246,7.375915
2023-04-20,339.0,345.5,335.8,342.2,985475.0,98.118669,100.952948,99.044863,101.905896,3.2,1.272566,9.7,-0.097285,1.37474,0.996444,-0.424982,-1.156452,0.996444,0.666337,2.079763,0.29149,0.294661,-0.897351,0.29149,0.581025,2.818618,0.245347,0.253361,0.931428,0.245347,0.252427,2.788718,0.365809,0.22306,0.767201,0.365809,0.43088,2.724223,0.308964,0.415608,0.829799,0.308964,0.017868,0.019605,0.020254,0.02369,0.024859,0.025149,0.031865,0.033672,0.034825,0.029875,0.03113,0.031948,0.029282,0.030326,0.032324,0.723087,0.466219,-0.017701,4.098725,-0.018053,7.717845,0.006039,7.668796,-0.002596,7.361824
2023-04-21,341.8,352.2,340.15,343.25,1476796.0,97.047132,100.48508,97.45883,100.911363,1.45,0.306838,12.05,0.115245,1.328858,0.144179,-1.216309,1.337006,0.144179,0.739016,2.038048,-0.212055,0.235055,-0.771396,-0.212055,0.563799,2.817588,-0.091199,0.272533,0.944397,-0.091199,0.248799,2.788406,0.020814,0.227083,0.770145,0.020814,0.426957,2.723832,-0.044099,0.420079,0.834464,-0.044099,0.019312,0.021673,0.022612,0.02298,0.023963,0.024245,0.031889,0.033701,0.034857,0.029928,0.031206,0.031996,0.029246,0.030293,0.032277,0.606353,0.677363,-0.051464,3.857893,-0.01726,7.717987,0.006324,7.664136,-0.002515,7.361085
2023-04-24,343.95,344.75,333.15,339.4,607248.0,99.767948,103.241783,98.448151,101.876032,4.55,-1.121631,11.6,0.292207,0.991863,-1.425437,-0.558598,-0.831582,-1.425437,0.723284,2.051778,-0.899179,0.237333,-0.810666,-0.899179,0.543259,2.826216,-0.589088,0.288516,0.9057,-0.589088,0.246751,2.789346,-0.490575,0.228631,0.765933,-0.490575,0.424842,2.724874,-0.567539,0.421375,0.830251,-0.567539,0.017272,0.01957,0.020426,0.022398,0.023212,0.023618,0.031934,0.033741,0.034914,0.029983,0.031278,0.032072,0.029257,0.030304,0.032293,-0.277529,0.63299,-0.102456,3.650273,-0.022838,7.719127,0.004803,7.683424,-0.002916,7.359481
2023-04-25,340.2,344.9,335.05,341.2,415295.0,98.637286,101.537084,98.927225,101.835547,1.0,0.530348,9.85,0.431157,0.96006,0.103317,-1.294754,1.724845,0.103317,0.648107,2.028644,-0.058048,0.353312,-0.643256,-0.058048,0.441703,2.730098,0.03247,0.300633,1.279973,0.03247,0.252417,2.789341,0.09964,0.222436,0.764054,0.09964,0.430531,2.723896,0.036645,0.415776,0.832146,0.036645,0.01821,0.020765,0.021361,0.022386,0.023299,0.023605,0.030044,0.031553,0.032232,0.030016,0.03132,0.032108,0.029266,0.030318,0.032284,-0.366883,0.468165,-0.084518,3.672113,-0.010465,7.281561,0.0048,7.68342,-0.003055,7.35139
2023-04-26,342.55,374.55,338.35,367.55,2978210.0,91.456414,101.241318,98.131091,108.630117,25.0,7.722743,36.2,1.742173,3.453905,1.731539,1.876685,3.884158,1.731539,0.8075,2.434704,2.840281,1.182661,2.119514,2.840281,0.552742,2.908908,2.464843,0.458087,1.094293,2.464843,0.312222,2.884109,2.569432,0.315425,0.733847,2.569432,0.473006,2.770874,2.616408,0.441466,0.794948,2.616408,0.032191,0.032103,0.031663,0.025257,0.025898,0.025972,0.031037,0.032294,0.032884,0.030601,0.031805,0.032547,0.029547,0.030543,0.03248,1.312386,6.098851,0.077918,5.429523,0.010902,8.267763,0.010141,8.149214,-0.002148,7.623969
2023-04-27,371.0,395.0,358.0,365.0,4171789.0,93.924051,103.631285,92.405063,101.955307,6.0,-0.693783,37.0,1.348903,3.628287,-0.562989,2.038303,4.310433,-0.562989,0.866566,2.379912,-0.655633,1.252566,2.395053,-0.655633,0.545187,2.9117,-0.425515,0.463776,1.083646,-0.425515,0.281559,2.878278,-0.338863,0.345739,0.776914,-0.338863,0.453162,2.764912,-0.414822,0.460413,0.836054,-0.414822,0.040933,0.043625,0.04418,0.027839,0.029419,0.02974,0.032088,0.033663,0.03428,0.031108,0.032484,0.033245,0.029772,0.030856,0.032785,0.684313,9.595007,0.014115,5.374156,0.005841,8.301331,0.010792,8.104593,-0.0019,7.594478
2023-04-28,366.85,371.0,359.65,365.3,1335531.0,98.881402,102.001946,98.463612,101.570972,1.55,0.082192,11.35,1.303974,3.645766,-0.335123,2.063002,4.386451,-0.335123,0.848813,2.384602,-0.321488,1.268265,2.395466,-0.321488,0.567969,2.903353,-0.167316,0.446751,1.115277,-0.167316,0.259555,2.871227,-0.061773,0.36826,0.823913,-0.061773,0.450591,2.765017,-0.133236,0.463166,0.837218,-0.133236,0.040715,0.043341,0.043568,0.027888,0.029479,0.029717,0.032019,0.033583,0.03421,0.031121,0.032506,0.033244,0.029769,0.030852,0.032784,0.118352,10.605275,-0.003869,5.401514,0.000828,8.260728,0.011886,8.043785,-0.001934,7.594625
2023-05-02,367.15,369.0,348.5,349.95,1279015.0,99.498645,105.351506,94.837398,100.416069,17.2,-4.202026,20.5,0.687895,4.35032,-1.124037,1.1557,2.556199,-1.124037,0.660479,2.627714,-1.850469,0.77868,1.701017,-1.850469,0.472891,2.9807,-1.568395,0.42546,0.888507,-1.568395,0.228778,2.902535,-1.526529,0.352615,0.731841,-1.526529,0.415692,2.779507,-1.661344,0.467224,0.817961,-1.661344,0.042531,0.043862,0.043904,0.028685,0.029819,0.030043,0.032261,0.033639,0.034242,0.031183,0.032455,0.033168,0.029812,0.030851,0.032787,-1.71053,9.288405,-0.0963,6.251286,-0.010435,8.684207,0.008397,8.281713,-0.002277,7.669739
2023-05-03,350.05,353.2,337.0,342.6,1131596.0,99.108154,103.872404,96.998867,101.661721,7.45,-2.1003,16.2,0.161765,4.529522,-0.499405,1.510761,2.86157,-0.499405,0.351415,2.567043,-0.955074,1.027479,2.57476,-0.955074,0.429468,3.002412,-0.842579,0.448164,0.810877,-0.842579,0.213806,2.91072,-0.795029,0.360355,0.700881,-0.795029,0.410656,2.783164,-0.902195,0.467926,0.80414,-0.902195,0.043673,0.045003,0.044952,0.028486,0.029922,0.030086,0.031767,0.032927,0.033331,0.031276,0.032559,0.033257,0.029837,0.030888,0.0328,-2.315433,5.6908,-0.081732,6.038109,-0.017474,8.770603,0.006509,8.352263,-0.00288,7.679613
2023-05-04,344.35,358.8,343.05,356.2,1120880.0,95.972687,100.378954,99.275362,103.83326,11.85,3.969644,15.75,-0.588855,3.024099,1.507391,0.668986,1.082102,1.507391,0.366297,2.588083,1.392284,1.019735,2.42931,1.392284,0.45826,3.029745,1.15897,0.433276,0.687531,1.15897,0.260262,2.93336,1.26455,0.325513,0.590783,1.26455,0.436031,2.792392,1.265443,0.447086,0.749622,1.265443,0.036159,0.038582,0.039149,0.028541,0.029821,0.029931,0.031827,0.032937,0.033354,0.031327,0.032562,0.033265,0.029884,0.030919,0.03283,0.714436,6.295301,0.022387,6.3466,-0.004,8.992435,0.008201,8.462511,-0.002578,7.736317
2023-05-05,356.0,360.35,348.4,357.45,646180.0,98.79284,102.181401,99.195227,102.597589,1.45,0.350926,11.95,-0.379913,3.051008,0.23954,0.320551,0.372901,0.23954,0.494904,2.51563,-0.057233,1.003476,2.791313,-0.057233,0.451128,3.029566,-0.033075,0.440696,0.692913,-0.033075,0.257838,2.933182,0.031736,0.328088,0.5928,0.031736,0.439804,2.791762,-0.031836,0.443431,0.750552,-0.031836,0.026301,0.025578,0.025113,0.027628,0.02902,0.029107,0.031891,0.03302,0.033439,0.03136,0.032605,0.03331,0.029907,0.030948,0.032859,0.870914,5.929936,-0.018688,6.000361,-0.003642,8.991941,0.008457,8.457928,-0.002717,7.730356
2023-05-08,359.25,393.0,358.05,388.0,2881115.0,91.412214,100.335149,98.727735,108.364754,28.75,8.54665,34.95,1.312979,5.059031,1.429853,0.60776,-0.654093,1.429853,0.805583,3.075889,2.516693,1.247552,1.969076,2.516693,0.672781,3.206795,2.45537,0.514446,0.635308,2.45537,0.302708,3.024815,2.725437,0.445376,0.715495,2.725437,0.491733,2.845238,2.831017,0.483603,0.774206,2.831017,0.035324,0.031122,0.030607,0.029912,0.030235,0.030341,0.032603,0.033375,0.033802,0.031739,0.032835,0.033541,0.030119,0.031068,0.032975,2.794858,4.852572,0.125361,8.465504,0.008091,10.064234,0.015685,8.853014,-0.001851,8.043488
2023-05-09,388.0,401.95,383.3,386.8,1864488.0,96.529419,101.226194,96.230874,100.913123,1.2,-0.309278,18.65,2.091528,4.229684,-0.567609,1.006744,0.201074,-0.567609,0.885364,3.022108,-0.395301,1.266584,2.1554,-0.395301,0.557945,3.134872,-0.276638,0.590139,0.961264,-0.276638,0.327457,3.009388,-0.211583,0.438122,0.766893,-0.211583,0.491615,2.845271,-0.281482,0.483701,0.774116,-0.281482,0.034278,0.032322,0.032407,0.030407,0.031024,0.031244,0.032294,0.033222,0.033686,0.031572,0.032697,0.033445,0.030165,0.03113,0.033047,0.815905,12.980779,0.066637,8.528836,0.017437,9.567556,0.013451,8.815099,-0.002087,8.040565
2023-05-10,386.3,398.15,381.6,392.95,1402590.0,97.023735,101.231656,98.69396,102.974319,6.65,1.589969,16.55,2.829582,3.588782,-0.345413,1.264615,1.096809,-0.345413,0.886881,3.022472,0.23262,1.264545,2.149555,0.23262,0.54739,3.130398,0.33305,0.601341,0.992636,0.33305,0.334611,3.011551,0.416848,0.430605,0.751839,0.416848,0.504183,2.84454,0.381709,0.471603,0.769218,0.381709,0.033852,0.031903,0.031956,0.030638,0.031289,0.031437,0.032308,0.033239,0.033694,0.031642,0.032773,0.0335,0.030195,0.031165,0.033076,-0.541955,9.716053,0.087349,8.424878,0.023685,9.486581,0.014532,8.802773,-0.002137,8.035729
2023-05-11,394.95,409.55,389.45,405.55,1060941.0,96.435112,101.412248,99.023318,104.134035,10.6,3.206515,20.1,2.676956,3.544125,0.149419,1.515144,2.278141,0.149419,0.955367,3.060409,0.735571,1.167208,1.762668,0.735571,0.623931,3.147996,0.82039,0.529214,0.851272,0.82039,0.365316,3.025128,0.9392,0.402582,0.674318,0.9392,0.513787,2.850428,0.944675,0.462697,0.735514,0.944675,0.034399,0.033223,0.0331,0.031086,0.03173,0.031825,0.032452,0.033367,0.033804,0.031764,0.032897,0.03361,0.030255,0.031224,0.033115,-0.12455,10.017632,0.135485,8.287452,0.027081,9.558952,0.016118,8.843416,-0.001616,8.075615
2023-05-12,402.05,422.9,395.5,400.65,2164864.0,95.069756,101.656131,94.738709,101.302149,1.4,-1.208236,27.4,2.365124,3.854912,-0.926963,1.247974,1.48221,-0.926963,0.809207,3.091865,-0.6525,1.268737,1.845182,-0.6525,0.646102,3.130719,-0.592304,0.529251,0.909428,-0.592304,0.320126,3.014419,-0.507017,0.441702,0.745303,-0.507017,0.505683,2.85302,-0.600738,0.468929,0.727865,-0.600738,0.037748,0.037935,0.038914,0.03206,0.033094,0.033484,0.032773,0.033861,0.0344,0.031885,0.033113,0.033878,0.030382,0.031394,0.033302,-1.599398,6.772132,0.11657,8.629823,0.015569,9.554895,0.016968,8.75594,-0.001888,8.087145
2023-05-15,400.0,400.9,393.0,395.1,379943.0,99.775505,101.78117,98.553255,100.534351,4.9,-1.385249,7.9,0.378744,1.972746,-0.894182,0.791129,-1.204073,-0.894182,0.777735,3.111773,-0.695097,1.265186,1.784338,-0.695097,0.653721,3.125187,-0.652431,0.528387,0.928846,-0.652431,0.327474,3.009302,-0.569143,0.440103,0.763428,-0.569143,0.467941,2.827618,-0.655389,0.479958,0.808393,-0.655389,0.028771,0.032518,0.033824,0.03204,0.033069,0.033423,0.032651,0.033738,0.034287,0.031799,0.033041,0.033803,0.030253,0.031298,0.033207,-0.495015,2.623302,0.06051,9.077229,0.004881,9.566496,0.014476,8.790721,-0.001317,7.949664
2023-05-16,397.45,401.75,382.0,384.3,902658.0,98.929683,104.044503,95.656503,100.602094,13.15,-2.733485,19.75,-0.106097,2.429205,-1.081584,0.571467,-1.520769,-1.081584,0.741383,3.150021,-1.103125,1.217513,1.66621,-1.103125,0.539804,3.143077,-1.041429,0.597697,0.945322,-1.041429,0.312227,3.021004,-1.008179,0.441093,0.723725,-1.008179,0.439835,2.83138,-1.120768,0.497624,0.813208,-1.120768,0.029125,0.031608,0.032336,0.032134,0.03298,0.033253,0.032394,0.03336,0.033848,0.03185,0.033054,0.033827,0.030254,0.0313,0.033209,-1.323867,1.21558,-0.033611,9.38894,0.002565,9.679981,0.011727,8.920612,-0.00143,7.969807
2023-05-17,400.0,407.95,382.3,398.35,4510618.0,98.051232,104.629872,97.64677,104.198274,1.65,3.655998,25.65,0.307109,2.916641,1.148201,0.428139,-2.897476,1.148201,0.932403,3.207514,0.849129,0.999644,1.028313,0.849129,0.500501,3.090079,1.02117,0.596003,1.12359,1.02117,0.346578,3.039429,1.08883,0.412245,0.627516,1.08883,0.459851,2.839925,1.125434,0.479267,0.761365,1.125434,0.031975,0.035521,0.040453,0.033194,0.034409,0.035738,0.031999,0.033087,0.033938,0.032048,0.033319,0.034299,0.030344,0.03142,0.033437,-0.062628,6.797589,-0.006275,9.772431,0.022342,9.253671,0.013658,8.990311,-0.001069,8.021038
2023-05-18,400.35,400.35,387.15,390.2,1525525.0,100.0,103.409531,97.464718,100.787808,10.15,-2.04594,13.2,-0.743382,2.531788,-0.514481,1.917684,3.967745,-0.514481,0.771723,3.274894,-0.860383,1.058879,0.950149,-0.860383,0.287326,2.879496,-0.810303,0.478284,1.209063,-0.810303,0.310687,3.046339,-0.773593,0.439896,0.618399,-0.773593,0.445847,2.845363,-0.875736,0.487967,0.745109,-0.875736,0.030345,0.033528,0.038973,0.033346,0.034449,0.035798,0.029547,0.030376,0.031157,0.032062,0.033311,0.034301,0.030299,0.031339,0.033375,0.336584,4.901381,-0.045108,10.121025,0.036217,7.852515,0.012962,9.047386,-0.001399,8.049091
2023-05-19,391.15,392.0,375.85,377.45,738500.0,99.783163,104.070773,96.288265,100.425702,13.7,-3.267555,16.15,-1.155246,2.781501,-0.759413,1.883854,3.748315,-0.759413,0.544717,3.393554,-1.123386,1.076166,0.818209,-1.123386,0.356507,2.746004,-1.319759,0.780866,1.122741,-1.319759,0.323937,3.027622,-1.186242,0.461473,0.649616,-1.186242,0.419855,2.855455,-1.291356,0.498518,0.724242,-1.291356,0.026923,0.02748,0.032573,0.033604,0.034466,0.035844,0.029138,0.030173,0.030927,0.031866,0.033152,0.034148,0.030277,0.031286,0.033334,-0.307707,6.000032,-0.094904,10.640918,0.010675,7.365993,0.007864,9.023291,-0.001729,8.102893
2023-05-22,379.25,403.0,378.85,401.05,1427371.0,94.1067,100.105583,99.516129,105.859839,21.8,6.252484,24.15,0.3723,4.304113,1.366178,0.765036,-2.11926,1.366178,0.841999,3.624205,1.492875,0.837881,-0.140243,1.492875,0.473785,2.869829,2.013604,0.740654,0.693015,2.013604,0.455952,2.99493,1.935448,0.569286,0.490366,1.935448,0.467091,2.873443,2.013401,0.491951,0.670995,2.013401,0.031173,0.029459,0.034296,0.034297,0.034541,0.035883,0.029212,0.029871,0.030713,0.031777,0.033009,0.033948,0.030265,0.031193,0.033252,1.104838,12.378976,-0.017121,12.468373,0.024627,7.944902,0.006979,8.839332,-0.001403,8.20883
2023-05-23,400.65,409.0,398.0,399.8,945014.0,97.958435,100.665829,97.750611,100.452261,0.85,-0.311682,11.0,0.856661,3.992194,-0.292657,0.542469,-1.744076,-0.292657,0.882497,3.605586,-0.331202,0.821017,-0.12169,-0.331202,0.395714,2.836172,-0.249419,0.82468,0.940607,-0.249419,0.506259,2.938265,-0.278375,0.62947,0.565437,-0.278375,0.468453,2.873007,-0.27154,0.490886,0.672237,-0.27154,0.029018,0.027842,0.033231,0.034184,0.034434,0.035786,0.029131,0.029832,0.030655,0.031657,0.03289,0.033732,0.03025,0.031178,0.033243,0.036306,12.747456,-0.064607,12.21145,0.030415,7.69035,0.003008,8.539527,-0.001678,8.203514
2023-05-24,400.0,405.5,397.05,403.05,550541.0,98.64365,100.742979,99.395808,101.511145,3.05,0.812906,8.45,0.288043,3.684408,0.142455,1.286656,1.871395,0.142455,0.896625,3.604687,-0.023225,0.808621,-0.134072,-0.023225,0.399717,2.836626,0.145662,0.819933,0.932937,0.145662,0.443641,2.862619,0.128996,0.623168,0.723977,0.128996,0.470608,2.873104,0.119139,0.488572,0.67024,0.119139,0.023871,0.019866,0.020213,0.034079,0.034276,0.035647,0.028979,0.029633,0.030436,0.031227,0.032643,0.033482,0.030171,0.031084,0.03308,0.867357,9.355277,-0.071161,12.175704,0.031928,7.673227,0.007171,8.069787,-0.00164,8.20449
2023-05-25,404.0,404.75,391.5,394.05,833994.0,99.8147,103.192848,97.356393,100.651341,9.95,-2.232974,13.25,0.250636,3.714852,-0.668562,1.278744,1.77358,-0.668562,0.398839,3.285729,-0.800983,1.00188,0.667405,-0.800983,0.361593,2.859308,-0.907411,0.825998,0.866652,-0.907411,0.409433,2.874052,-0.919401,0.643693,0.70263,-0.919401,0.429885,2.853247,-0.933273,0.502579,0.73847,-0.933273,0.023847,0.019898,0.020052,0.031545,0.032064,0.033682,0.029048,0.029648,0.030454,0.031232,0.032617,0.033461,0.030078,0.031017,0.033011,-0.337041,10.812908,-0.008089,10.254037,0.023954,7.892633,0.006032,8.147254,-0.001223,8.095331
2023-05-26,394.95,403.0,394.95,400.05,578588.0,98.002481,100.0,99.26799,101.291303,5.1,1.522649,8.05,1.208677,3.156408,0.099471,1.113021,1.984841,0.099471,0.50966,3.284315,0.308432,0.89515,0.516134,0.308432,0.367307,2.861378,0.403771,0.818778,0.84822,0.403771,0.456391,2.853213,0.373705,0.628532,0.743508,0.373705,0.40434,2.820122,0.396546,0.49426,0.816182,0.396546,0.021688,0.018578,0.018902,0.028774,0.028256,0.029886,0.028794,0.029306,0.030117,0.031145,0.03257,0.033412,0.02991,0.03079,0.032327,-1.138096,5.379805,-0.009286,10.24452,0.02883,7.850642,0.004522,8.042372,-0.000125,7.913272
2023-05-29,403.7,403.7,386.0,389.85,617795.0,100.0,104.585492,96.569235,100.997409,13.85,-2.549681,17.7,-0.551756,1.805637,-1.106493,-0.088142,-2.601048,-1.106493,0.378067,3.354324,-0.872828,0.926856,0.404986,-0.872828,0.357238,2.870914,-1.012541,0.811938,0.820133,-1.012541,0.450784,2.858612,-1.049623,0.625447,0.727063,-1.049623,0.400273,2.823809,-1.044672,0.493091,0.80343,-1.044672,0.018436,0.017648,0.018426,0.0291,0.028308,0.030046,0.028874,0.029331,0.030185,0.031088,0.03245,0.033334,0.02991,0.030766,0.032316,-0.376626,2.324565,-0.059741,10.570245,0.016056,8.02362,0.001255,8.088636,-0.000888,7.931398
2023-05-30,391.4,403.5,382.7,385.05,843380.0,97.001239,102.273321,95.427509,100.614058,6.35,-1.231243,20.8,-0.735668,1.821829,-0.27202,0.398506,-2.59026,-0.27202,0.526606,3.203202,-0.548779,1.07317,0.642696,-0.548779,0.43631,2.767748,-0.602494,0.983512,0.956907,-0.602494,0.43248,2.863508,-0.581009,0.639722,0.71905,-0.581009,0.402424,2.822394,-0.578823,0.492522,0.808721,-0.578823,0.022098,0.022292,0.023151,0.028955,0.028792,0.030571,0.028618,0.029292,0.030199,0.0312,0.032584,0.033458,0.029874,0.03074,0.032289,-0.440501,2.267167,-0.155048,8.948153,-0.001254,7.506895,0.000345,8.117585,-0.001443,7.919143
2023-05-31,385.0,404.7,381.0,399.5,2017704.0,95.132197,101.049869,98.715098,104.855643,14.5,3.752759,23.7,-0.147698,2.70627,1.441267,0.836724,-1.176407,1.441267,0.819259,3.217911,0.911616,0.845235,0.159617,0.911616,0.551625,2.783684,1.149963,0.887618,0.724106,1.149963,0.511122,2.845388,1.13926,0.625746,0.69029,1.13926,0.413545,2.831222,1.179425,0.484118,0.763042,1.179425,0.026815,0.026751,0.027092,0.029399,0.029111,0.030843,0.028642,0.029305,0.030142,0.031116,0.032523,0.033366,0.029959,0.030811,0.032332,0.921757,4.159846,-0.150438,9.084709,0.000551,7.593856,-0.000436,8.015112,-0.000773,7.973749
2023-06-01,394.0,395.85,388.15,391.45,493908.0,99.532651,101.507149,98.888468,100.850187,2.55,-2.015019,7.7,-0.104107,2.665737,-0.716842,0.849935,-1.093713,-0.716842,0.520026,3.187653,-0.79527,1.085851,0.709281,-0.79527,0.573441,2.758597,-0.938324,0.919763,0.782558,-0.938324,0.510407,2.84602,-0.887353,0.625504,0.688307,-0.887353,0.394753,2.834822,-0.850061,0.498648,0.759489,-0.850061,0.025825,0.026233,0.027281,0.028895,0.028775,0.03067,0.028306,0.029016,0.029927,0.031039,0.032446,0.033327,0.029919,0.030757,0.032281,-0.07729,5.672974,-0.141184,8.990302,-0.014445,7.414208,-0.003424,8.009061,-0.000935,7.993122
2023-06-02,393.15,397.5,387.0,388.4,521913.0,98.90566,101.589147,97.710692,100.361757,4.75,-0.779154,10.5,-0.564468,2.5087,-0.085577,1.828421,3.599322,-0.085577,0.463522,3.200797,-0.38824,1.127477,0.737665,-0.38824,0.548842,2.765189,-0.480255,0.938514,0.781807,-0.480255,0.494851,2.848801,-0.447207,0.639426,0.688364,-0.447207,0.384757,2.835422,-0.41049,0.50853,0.763625,-0.41049,0.026254,0.026841,0.027845,0.028764,0.028547,0.03046,0.028145,0.028791,0.029671,0.031049,0.032463,0.033336,0.029925,0.030761,0.032281,0.275728,4.882808,-0.162414,8.855767,-0.017928,7.42641,-0.004029,8.020984,-0.000986,7.996181
2023-06-05,390.6,394.55,382.15,385.2,470970.0,98.998859,102.211174,97.630212,100.798116,5.4,-0.823893,12.4,-0.21931,2.27513,-0.265736,1.961721,4.158055,-0.265736,-0.005005,2.581177,-0.317253,0.958818,0.218136,-0.317253,0.5553,2.761524,-0.499432,0.93726,0.791534,-0.499432,0.494722,2.848861,-0.462857,0.639494,0.688186,-0.462857,0.384228,2.835639,-0.426049,0.508884,0.762901,-0.426049,0.024856,0.026469,0.027119,0.026255,0.027098,0.029071,0.027884,0.028428,0.029272,0.031055,0.032479,0.033335,0.029921,0.030754,0.032276,-0.371721,3.864618,-0.053177,6.235327,-0.025311,7.34008,-0.005604,8.00868,-0.001332,7.994725
2023-06-06,386.55,402.85,386.0,399.85,1106796.0,95.953829,100.142487,99.255306,103.588083,13.3,3.803219,16.85,0.787582,2.774546,1.086894,0.457487,-3.054294,1.086894,0.200619,2.715951,1.32646,0.731468,-0.515633,1.32646,0.647504,2.791908,1.130308,0.839687,0.534078,1.130308,0.495346,2.849586,1.160826,0.639231,0.685185,1.160826,0.41319,2.840852,1.193314,0.487001,0.722459,1.193314,0.023398,0.023136,0.02332,0.026106,0.026488,0.028388,0.027779,0.028161,0.029037,0.031047,0.03246,0.03332,0.029943,0.030761,0.032286,0.129205,6.125098,-0.003578,7.007145,-0.021005,7.546973,-0.001671,8.036613,-0.00118,8.025446
2023-06-07,405.0,409.0,400.1,406.9,1049097.0,99.022005,101.224694,99.486553,101.699575,1.9,1.763161,8.9,0.389663,2.353732,0.583541,0.801331,-0.799103,0.583541,0.209279,2.720886,0.571094,0.720177,-0.545971,0.571094,0.642089,2.789425,0.401901,0.846747,0.553653,0.401901,0.48953,2.846365,0.447459,0.645743,0.706298,0.447459,0.410672,2.839423,0.476325,0.489557,0.731137,0.476325,0.01788,0.017984,0.019713,0.025647,0.025959,0.028117,0.027729,0.028124,0.029037,0.03104,0.032471,0.033351,0.029927,0.030746,0.032283,1.213873,1.485065,0.040681,6.978032,-0.014985,7.578517,0.000203,8.02074,-0.000699,8.020385
2023-06-08,409.0,414.8,401.0,412.25,1247962.0,98.601736,101.995012,99.385246,102.805486,3.25,1.314819,13.8,1.05563,1.937528,0.133773,0.475327,-0.810219,0.133773,0.114694,2.642975,0.454081,0.824098,-0.159201,0.454081,0.577688,2.734344,0.269583,0.911547,0.859525,0.269583,0.502293,2.847183,0.285379,0.631756,0.690077,0.285379,0.410931,2.839504,0.318326,0.489265,0.730536,0.318326,0.01935,0.019944,0.020879,0.025154,0.025525,0.027815,0.02752,0.028073,0.028998,0.031027,0.032449,0.033348,0.029946,0.030773,0.032311,0.6775,2.0852,0.103799,6.277809,-0.003868,7.323987,0.00042,8.025242,-0.000436,8.021837
2023-06-09,414.4,420.0,413.1,417.7,858261.0,98.666667,100.314694,99.452381,101.113532,3.3,1.322013,6.9,1.475864,1.646026,-0.093468,0.042889,1.760381,-0.093468,0.241207,2.636868,0.409883,0.682778,-0.310012,0.409883,0.64163,2.713115,0.250776,0.875595,0.879239,0.250776,0.496845,2.845066,0.290035,0.638138,0.705921,0.290035,0.412578,2.839939,0.32023,0.487407,0.727115,0.32023,0.018508,0.018976,0.019995,0.023596,0.02335,0.025485,0.027283,0.027814,0.028772,0.030991,0.032407,0.033307,0.029939,0.030763,0.032305,0.180341,2.102476,0.100158,6.271869,-0.008124,7.200028,0.001734,8.010955,-0.000212,8.024776
2023-06-12,417.7,419.65,397.0,401.3,784982.0,99.535327,105.214106,95.627308,101.083123,16.4,-3.926263,22.65,0.85539,2.863859,-1.669654,-1.468207,3.131893,-1.669654,0.114156,2.776859,-1.455032,0.551329,-0.448213,-1.455032,0.55436,2.788942,-1.606567,0.810525,0.723565,-1.606567,0.421308,2.861339,-1.519418,0.656574,0.733886,-1.519418,0.395215,2.855832,-1.513211,0.48008,0.683058,-1.513211,0.02216,0.021377,0.022072,0.024599,0.024171,0.026202,0.027581,0.027998,0.028913,0.031124,0.032511,0.033363,0.030013,0.030813,0.03235,-1.590011,1.505081,0.014942,7.317977,-0.019372,7.54448,0.001003,8.104547,-0.00099,8.111733
2023-06-13,402.8,416.0,399.55,414.7,823417.0,96.826923,100.813415,99.6875,103.791766,11.9,3.339148,16.45,0.762576,2.749684,0.937043,-1.696246,3.558958,0.937043,0.417788,2.781099,1.050434,0.337333,-0.696143,1.050434,0.62985,2.812589,0.963275,0.727917,0.525635,0.963275,0.453605,2.875973,1.003327,0.622999,0.638011,1.003327,0.410519,2.863394,1.022782,0.465607,0.639279,1.022782,0.021835,0.021451,0.022092,0.024262,0.023809,0.025884,0.027693,0.02805,0.028951,0.031192,0.03255,0.033403,0.030019,0.030796,0.03234,-0.208911,5.961322,0.01605,7.339218,-0.015244,7.704055,0.002548,8.1831,-0.000568,8.156955
2023-06-14,416.6,417.7,404.4,410.35,621749.0,99.736653,103.016815,98.240364,101.471316,6.25,-1.048951,13.3,0.200153,2.781273,-0.449113,-0.74532,0.20092,-0.449113,0.18254,2.690276,-0.457756,0.553465,-0.261511,-0.457756,0.527251,2.777475,-0.567495,0.825889,0.788527,-0.567495,0.376097,2.809556,-0.507215,0.637759,0.810304,-0.507215,0.398079,2.864308,-0.505194,0.477417,0.643188,-0.505194,0.022746,0.022371,0.022451,0.023054,0.02199,0.022644,0.027459,0.02792,0.028838,0.030874,0.032356,0.033209,0.029974,0.030753,0.032294,-0.271041,6.041456,0.046226,6.804656,-0.010742,7.536051,0.005442,7.789993,-0.000631,8.161911
2023-06-15,412.4,415.0,404.05,413.8,402951.0,99.373494,102.066576,99.710843,102.413068,1.4,0.840746,10.95,0.105339,2.741571,0.268243,-0.627853,0.359496,0.268243,0.326875,2.641417,0.194544,0.438438,-0.191483,0.194544,0.470626,2.740671,0.135047,0.892102,1.043859,0.135047,0.393038,2.807174,0.159487,0.621822,0.80732,0.159487,0.405145,2.863645,0.152114,0.470488,0.641766,0.152114,0.022054,0.021481,0.02191,0.022894,0.022042,0.022775,0.027311,0.0278,0.028738,0.030877,0.032368,0.033228,0.029983,0.030765,0.032315,0.191478,5.93964,0.020443,6.614336,-0.002303,7.359946,0.004973,7.78082,-0.000711,8.157772
2023-06-16,410.0,425.0,410.0,423.1,1045977.0,96.470588,100.0,99.552941,103.195122,13.1,2.247463,15.0,0.290428,2.872366,0.681332,-0.727521,-0.277942,0.681332,0.602625,2.532033,0.649611,0.32604,-0.117194,0.649611,0.56,2.723909,0.619501,0.832518,1.005422,0.619501,0.420333,2.811846,0.649797,0.592278,0.758848,0.649797,0.409248,2.865703,0.641453,0.466254,0.629245,0.641453,0.023659,0.022171,0.022871,0.022704,0.021893,0.022733,0.026954,0.02735,0.028327,0.03071,0.032089,0.032989,0.030006,0.030767,0.032321,0.984905,4.660314,-0.008874,6.088011,-0.004714,7.266656,0.005544,7.8018,-0.000282,8.170928
2023-06-19,425.1,430.5,405.0,407.95,1117816.0,98.745645,104.962963,94.761905,100.728395,17.15,-3.580714,25.5,0.359538,2.746967,-1.434401,-0.616619,-0.611524,-1.434401,0.110966,2.323308,-1.588976,-0.043861,-0.896191,-1.588976,0.441724,2.773293,-1.450419,0.845877,0.969307,-1.450419,0.417046,2.81637,-1.419473,0.5863,0.749685,-1.419473,0.397267,2.877385,-1.382499,0.460544,0.596307,-1.382499,0.024629,0.023441,0.024044,0.022668,0.022464,0.02315,0.027265,0.027569,0.028519,0.030805,0.032179,0.033071,0.030067,0.030805,0.032352,-1.054331,3.813436,0.020572,5.1138,-0.010115,7.516023,0.000941,7.851882,-0.001118,8.23378
2023-06-20,410.55,412.9,401.15,409.95,591914.0,99.430855,102.343263,99.285541,102.193693,0.6,0.490256,11.75,-0.21024,2.219183,0.315655,-0.858917,0.63243,0.315655,0.151062,2.32255,0.146044,-0.10085,-0.886617,0.146044,0.489627,2.75254,0.000229,0.823935,1.019775,0.000229,0.439828,2.807554,0.017961,0.571993,0.774346,0.017961,0.406712,2.874559,0.029063,0.453186,0.603716,0.029063,0.023437,0.023138,0.024249,0.022704,0.022515,0.023234,0.027296,0.027662,0.028643,0.030614,0.031947,0.032842,0.030016,0.030746,0.032202,-0.134305,3.903744,0.019317,5.112118,-0.015748,7.373305,-0.000351,7.803433,-0.001375,8.215474
2023-06-21,413.2,413.6,398.6,406.95,936480.0,99.903288,103.66282,98.392166,102.094832,6.25,-0.731797,15.0,-0.146809,2.193602,-0.266679,-1.016261,1.347031,-0.266679,0.073827,2.325065,-0.346495,0.005697,-0.905203,-0.346495,0.443798,2.753437,-0.426955,0.872045,1.075776,-0.426955,0.428687,2.809994,-0.412984,0.581894,0.770764,-0.412984,0.383929,2.865375,-0.389382,0.472718,0.655322,-0.389382,0.023921,0.023808,0.025412,0.023067,0.022947,0.023845,0.027341,0.027711,0.028746,0.030578,0.031886,0.032822,0.029962,0.030697,0.032155,-0.490229,3.368864,0.017155,5.125845,-0.016001,7.376468,-0.001082,7.816129,-0.00103,8.16579
2023-06-22,407.8,409.45,390.0,391.9,1241006.0,99.59702,104.564103,95.713762,100.487179,15.9,-3.698243,19.45,-1.054607,2.586721,-1.022003,0.123491,-2.020703,-1.022003,0.000564,2.422617,-1.526781,-0.064383,-0.956482,-1.526781,0.333098,2.807035,-1.436156,0.875446,1.006244,-1.436156,0.391524,2.839895,-1.440112,0.572169,0.688536,-1.440112,0.353484,2.876273,-1.408673,0.483207,0.639518,-1.408673,0.026296,0.024716,0.025682,0.023555,0.023229,0.024108,0.027521,0.027759,0.028795,0.030595,0.031817,0.032756,0.030007,0.030727,0.032183,-0.904249,3.717566,-0.073155,5.39768,-0.022336,7.617962,-0.003783,7.972431,-0.001336,8.225627
2023-06-23,394.0,404.0,393.35,402.6,1017267.0,97.524752,100.165247,99.653465,102.351595,8.6,2.730288,10.65,-0.958042,2.744979,1.343664,0.294312,-1.545598,1.343664,0.060946,2.476991,1.077656,-0.07681,-1.075293,1.077656,0.353404,2.820874,0.842606,0.850675,0.908218,0.842606,0.429343,2.845658,0.808581,0.53508,0.631436,0.808581,0.357366,2.878966,0.824227,0.479749,0.625004,0.824227,0.025492,0.024362,0.025089,0.023672,0.023268,0.024155,0.027474,0.027653,0.028711,0.030581,0.031781,0.032731,0.029998,0.030708,0.032169,0.843351,4.605449,-0.010126,5.825299,-0.013311,7.761283,-0.003268,8.007895,-0.00074,8.245178
2023-06-26,405.25,406.6,399.05,404.25,311699.0,99.667978,101.55369,99.422036,101.303095,1.0,0.409836,7.55,-0.159932,2.342404,0.243241,-0.644576,1.421479,0.243241,0.208922,2.400028,0.083713,-0.214789,-0.810709,0.083713,0.376717,2.816333,0.01176,0.830227,0.903883,0.01176,0.430693,2.845616,-0.007329,0.533653,0.6306,-0.007329,0.318985,2.826096,0.032147,0.444523,0.641323,0.032147,0.020155,0.019656,0.021219,0.023031,0.022877,0.023735,0.027458,0.027653,0.028717,0.030569,0.031766,0.032719,0.029658,0.030278,0.03164,0.330124,4.171521,-0.046362,5.40066,-0.015895,7.720481,-0.003373,8.007076,0.000433,7.946263
2023-06-27,403.4,405.2,398.0,399.8,618539.0,99.555775,101.356784,98.667325,100.452261,3.6,-1.100804,7.2,-0.478144,2.340066,-0.266087,0.002629,0.931814,-0.266087,0.215444,2.396083,-0.549333,-0.221777,-0.79275,-0.549333,0.39483,2.803576,-0.533474,0.831367,0.945094,-0.533474,0.452945,2.824565,-0.550084,0.544164,0.69195,-0.550084,0.342346,2.794622,-0.516403,0.486295,0.676634,-0.516403,0.019217,0.018142,0.019247,0.022039,0.021563,0.022347,0.02721,0.027354,0.028397,0.030265,0.031448,0.032438,0.029446,0.030154,0.031506,0.337006,4.153579,-0.087812,5.197763,-0.025208,7.570512,-0.00656,7.862532,-0.000698,7.769238
2023-06-28,399.0,405.55,399.0,402.25,466745.0,98.384909,100.0,99.18629,100.814536,3.25,0.612806,6.55,-0.209223,2.380539,0.345312,-0.524731,0.722136,0.345312,0.058446,2.25056,0.246321,-0.261457,-0.581509,0.246321,0.410374,2.802567,0.072231,0.815112,0.931192,0.072231,0.433553,2.816655,0.06364,0.565573,0.747257,0.06364,0.345296,2.794594,0.095724,0.483123,0.674693,0.095724,0.017029,0.015233,0.015625,0.020611,0.020142,0.021147,0.027195,0.027329,0.028378,0.030141,0.031305,0.032319,0.029404,0.030095,0.031445,0.479101,4.074499,-0.026283,4.788799,-0.026064,7.555819,-0.005193,7.831739,-0.000705,7.769049
2023-06-30,404.85,408.95,399.0,406.75,750036.0,98.997432,101.466165,99.462037,101.942356,1.9,1.118707,9.95,0.754167,1.379983,0.264163,0.212277,1.348221,0.264163,0.215132,2.207276,0.409362,-0.459224,-0.275461,0.409362,0.409395,2.802305,0.253117,0.816356,0.933939,0.253117,0.458012,2.811826,0.23497,0.544543,0.751882,0.23497,0.353871,2.794321,0.273711,0.474266,0.670111,0.273711,0.012763,0.01328,0.014275,0.020708,0.020288,0.021123,0.0272,0.027345,0.028404,0.029715,0.03076,0.03185,0.029389,0.030082,0.031432,-0.302019,1.341051,-0.043875,4.564455,-0.022543,7.590027,-0.005853,7.798758,-0.000732,7.767404
2023-07-03,406.5,408.8,398.05,400.2,349195.0,99.437378,102.122849,97.896282,100.540133,6.3,-1.610326,10.75,-0.113956,1.176328,-1.272068,-0.489191,-2.369332,-1.272068,0.173574,2.234636,-0.798295,-0.407289,-0.443332,-0.798295,0.351737,2.813817,-0.697296,0.861945,0.946551,-0.697296,0.466381,2.804327,-0.740537,0.547112,0.77713,-0.740537,0.335665,2.795202,-0.69619,0.490699,0.678805,-0.69619,0.012753,0.013898,0.014552,0.020705,0.020238,0.021037,0.027187,0.027305,0.02837,0.029619,0.030654,0.031756,0.029376,0.030061,0.03141,-0.182081,1.040691,-0.085653,4.499986,-0.025181,7.627164,-0.008842,7.720459,-0.000772,7.772098
2023-07-04,402.85,405.95,397.0,398.05,350153.0,99.236359,101.473552,98.053948,100.264484,4.8,-0.537231,8.95,-0.303369,1.146779,-0.203929,0.246594,-2.131701,-0.203929,0.187907,2.228814,-0.325347,-0.428581,-0.399726,-0.325347,0.334856,2.816623,-0.309622,0.877434,0.952894,-0.309622,0.449328,2.805202,-0.351689,0.564578,0.786499,-0.351689,0.336824,2.794789,-0.312745,0.489818,0.680097,-0.312745,0.013159,0.014039,0.01449,0.020476,0.019937,0.02081,0.027092,0.027156,0.028201,0.029588,0.030604,0.031699,0.029351,0.030037,0.031379,-0.109599,1.028058,-0.111556,4.305439,-0.027383,7.618544,-0.009013,7.722773,-0.001069,7.767983
2023-07-05,399.65,403.5,396.5,398.5,170973.0,99.045849,100.794451,98.760843,100.504414,1.15,0.113051,7.0,-0.060598,1.06104,0.16366,-0.655577,-0.149206,0.16366,0.003398,2.060133,0.053226,-0.559385,-0.237018,0.053226,0.359549,2.808995,-0.087753,0.860082,0.963101,-0.087753,0.451404,2.804872,-0.120631,0.562568,0.786573,-0.120631,0.337048,2.794769,-0.080148,0.489588,0.680042,-0.080148,0.013117,0.014183,0.014745,0.019796,0.019531,0.020415,0.026977,0.02702,0.028054,0.02956,0.030566,0.031665,0.029351,0.030039,0.031375,-0.265545,0.759617,-0.055542,3.929369,-0.031472,7.526376,-0.009543,7.712755,-0.001143,7.767328
2023-07-06,401.45,401.45,394.55,395.6,576705.0,100.0,101.748828,98.542782,100.266126,5.85,-0.727729,6.9,-0.328706,1.016785,-0.392436,0.372913,0.364533,-0.392436,-0.121146,2.023109,-0.299827,-0.426433,-0.189633,-0.299827,0.334388,2.813065,-0.377566,0.883074,0.973354,-0.377566,0.388045,2.758384,-0.404503,0.59367,0.977493,-0.404503,0.329764,2.795641,-0.378265,0.496731,0.680745,-0.378265,0.013214,0.013897,0.014689,0.019712,0.019316,0.020091,0.026905,0.02689,0.027966,0.028518,0.029314,0.03017,0.029335,0.030023,0.031354,-0.19695,0.749503,-0.038201,3.839798,-0.033612,7.519798,-0.007118,7.490382,-0.001243,7.771382
2023-07-07,395.6,405.5,395.6,404.25,529745.0,97.55857,100.0,99.691739,102.186552,8.65,2.186552,9.9,-0.115137,1.426435,1.613595,1.228582,2.035918,1.613595,-0.07756,2.064638,1.096614,-0.40961,-0.31621,1.096614,0.223664,2.618549,0.749609,0.757069,1.026738,0.749609,0.388203,2.758488,0.651933,0.593503,0.976809,0.651933,0.34228,2.798335,0.659061,0.48329,0.658461,0.659061,0.013226,0.012614,0.013141,0.019466,0.01876,0.019523,0.025568,0.025702,0.026904,0.028434,0.029185,0.03004,0.029322,0.029991,0.031316,0.740326,0.531608,0.017439,4.039482,-0.01116,6.693729,-0.004969,7.512589,-0.001063,7.787756
2023-07-10,404.6,408.2,398.1,401.1,256984.0,99.118079,101.632756,98.260657,100.75358,3.5,-0.779221,10.1,0.051084,1.245606,-0.666587,1.830439,3.298454,-0.666587,-0.182621,2.04302,-0.292019,-0.272346,-0.283506,-0.292019,0.221955,2.619188,-0.382247,0.758274,1.024916,-0.382247,0.383571,2.76007,-0.421291,0.59701,0.971934,-0.421291,0.332712,2.798884,-0.397277,0.492922,0.662457,-0.397277,0.012999,0.012802,0.013284,0.019629,0.018988,0.019677,0.024259,0.023909,0.025092,0.028444,0.029196,0.030036,0.029279,0.029932,0.031249,0.158952,1.190695,0.029514,3.936269,-0.015766,6.671176,-0.006089,7.510913,-0.001111,7.790469
2023-07-11,403.3,406.2,385.15,389.85,1420838.0,99.286066,104.71245,95.974889,101.220304,13.45,-2.804787,21.05,-0.402427,1.80192,-1.333223,0.251941,1.28839,-1.333223,-0.126547,1.948044,-1.374835,-0.137713,-0.33599,-1.374835,0.164216,2.653923,-1.118722,0.765356,0.916493,-1.118722,0.366092,2.77478,-1.14275,0.592654,0.919644,-1.14275,0.28392,2.767767,-1.115956,0.48628,0.704066,-1.115956,0.018368,0.017876,0.017739,0.019515,0.019056,0.01974,0.024535,0.024115,0.025283,0.028523,0.029235,0.030076,0.029155,0.029826,0.031146,-0.588717,1.904357,-0.067055,3.455627,-0.02323,6.790059,-0.008856,7.557054,-0.000581,7.621103
2023-07-12,391.85,403.9,391.05,394.45,877399.0,97.016588,100.204577,97.660312,100.869454,2.6,1.179941,12.85,-0.189049,1.936374,0.706986,-0.131227,-0.675475,0.706986,-0.234508,1.800079,0.78577,-0.369361,-0.257301,0.78577,0.271855,2.581371,0.351784,0.805504,1.052477,0.351784,0.372373,2.775915,0.29092,0.585258,0.907615,0.29092,0.309639,2.75195,0.316249,0.485235,0.742631,0.316249,0.019766,0.019767,0.020466,0.019244,0.019081,0.019975,0.024206,0.024016,0.025242,0.028519,0.029226,0.030077,0.029037,0.029792,0.031082,-0.1176,2.971976,0.00633,3.076939,-0.031533,6.323135,-0.00826,7.571795,-0.001088,7.531416
2023-07-13,397.9,405.25,396.0,402.25,876043.0,98.186305,100.479798,99.259716,101.578283,4.35,1.977437,9.25,0.351984,2.117668,0.767567,-0.959486,-0.558712,0.767567,-0.083188,1.854395,1.111212,-0.506282,-0.332464,1.111212,0.35341,2.569284,0.632093,0.740648,1.011773,0.632093,0.391439,2.780367,0.570427,0.563455,0.86685,0.570427,0.314176,2.753957,0.603953,0.480203,0.72902,0.603953,0.020186,0.02053,0.021209,0.019002,0.018798,0.019733,0.023955,0.023722,0.025017,0.028134,0.028696,0.029466,0.028833,0.029558,0.030683,0.154093,3.540126,0.02507,3.245945,-0.03333,6.237858,-0.00749,7.606399,-0.000724,7.544608
2023-07-14,398.0,400.0,392.2,395.25,555709.0,99.5,101.478837,98.8125,100.777664,2.75,-1.740211,7.8,-0.433368,1.991597,-0.656179,0.137212,-2.032387,-0.656179,-0.212236,1.876389,-0.814317,-0.306313,-0.58358,-0.814317,0.239213,2.531894,-0.781796,0.841035,1.331333,-0.781796,0.348736,2.779982,-0.751425,0.601377,0.905968,-0.751425,0.310228,2.756344,-0.743898,0.481685,0.720133,-0.743898,0.019783,0.020775,0.021897,0.018846,0.01856,0.019486,0.023709,0.023557,0.024897,0.028063,0.028634,0.029428,0.028675,0.02941,0.030447,0.286024,3.009546,0.015986,3.336295,-0.0294,6.102277,-0.00746,7.604649,-0.001222,7.554469
2023-07-17,394.5,396.85,387.7,389.15,537261.0,99.407837,101.753933,98.05972,100.374001,5.35,-1.543327,9.15,-0.586189,2.053135,-0.466183,0.434422,-2.388931,-0.466183,-0.401776,1.80495,-0.632456,-0.164204,-0.491092,-0.632456,0.201328,2.544329,-0.685703,0.867986,1.30368,-0.685703,0.326228,2.786153,-0.671017,0.618871,0.893342,-0.671017,0.296185,2.758607,-0.666826,0.494177,0.718876,-0.666826,0.01963,0.020364,0.021584,0.018485,0.018475,0.01926,0.023619,0.023402,0.024746,0.028061,0.028618,0.029413,0.028657,0.029379,0.030412,-0.039723,3.369134,0.035808,3.052318,-0.03332,6.112932,-0.008366,7.626699,-0.001354,7.565751
2023-07-18,392.9,402.5,392.0,399.75,701282.0,97.614907,100.229592,99.31677,101.977041,6.85,2.723885,10.5,0.519545,2.04833,1.076165,-0.301566,-2.851613,1.076165,-0.086546,1.770753,1.587139,-0.113915,-0.460007,1.587139,0.084872,2.273395,1.160825,0.354465,-0.230994,1.160825,0.378827,2.781218,0.843177,0.582108,0.867471,0.843177,0.308404,2.763943,0.873926,0.481363,0.684168,0.873926,0.015215,0.016346,0.018567,0.016943,0.017104,0.018149,0.022368,0.022614,0.024019,0.027958,0.028507,0.029319,0.028548,0.029225,0.030264,-0.043288,3.352778,0.030267,2.948328,-0.006947,5.054905,-0.008677,7.595091,-0.000994,7.597886
2023-07-19,401.55,405.3,398.35,399.9,218925.0,99.074759,100.803314,98.667654,100.389105,1.65,0.037523,6.95,0.291061,2.019766,-0.125528,0.233865,-2.631836,-0.125528,-0.109182,1.765878,0.083078,-0.074146,-0.432736,0.083078,0.091808,2.272696,-0.023886,0.345365,-0.232012,-0.023886,0.324877,2.734124,-0.105099,0.608012,1.069697,-0.105099,0.3145,2.761984,-0.100282,0.476492,0.69,-0.100282,0.013329,0.013952,0.015523,0.016656,0.016701,0.017658,0.02205,0.022176,0.023555,0.027651,0.028244,0.029063,0.028507,0.029191,0.030219,0.058427,3.256738,0.041147,2.906116,-0.008024,5.048438,-0.005817,7.372489,-0.001259,7.585125
2023-07-20,401.2,406.0,398.05,404.8,487673.0,98.817734,100.791358,99.704433,101.695767,3.6,1.225306,7.95,0.140635,1.886375,0.575003,0.439765,-1.438039,0.575003,-0.011327,1.783696,0.693298,-0.228032,-0.496441,0.693298,0.084515,2.268372,0.502912,0.35392,-0.207449,0.502912,0.315953,2.729666,0.333137,0.618453,1.103442,0.333137,0.318344,2.762718,0.328286,0.472078,0.683402,0.328286,0.012939,0.013543,0.014812,0.016121,0.016047,0.01681,0.021818,0.021892,0.023331,0.027567,0.028143,0.028977,0.028484,0.029168,0.030178,0.751189,1.718159,0.05038,2.938101,-0.001688,5.042006,-0.004195,7.361901,-0.001102,7.590396
2023-07-21,404.75,414.9,403.4,406.15,555232.0,97.553627,100.334655,97.891058,100.681706,1.4,0.333498,11.5,0.555377,1.571082,-0.141227,0.118648,0.573809,-0.141227,0.19026,1.558722,0.091895,-0.000793,-0.720258,0.091895,0.027055,2.223621,0.137813,0.397685,-0.009331,0.137813,0.325493,2.728026,0.002934,0.609281,1.104437,0.002934,0.317631,2.762695,0.005743,0.472871,0.684022,0.005743,0.014016,0.015048,0.016197,0.015212,0.01576,0.01668,0.021528,0.021614,0.02314,0.027537,0.028112,0.028964,0.028441,0.029114,0.030111,0.225507,1.872932,-0.002908,2.307854,0.006544,4.836683,-0.004752,7.34889,-0.001076,7.590462
2023-07-24,408.6,412.15,398.65,400.0,352419.0,99.138663,102.495924,97.052044,100.338643,8.6,-1.514219,13.5,0.561199,1.561385,-1.329216,0.14375,0.560248,-1.329216,-0.021966,1.481738,-1.007097,0.096341,-0.685832,-1.007097,0.020935,2.227508,-0.68918,0.400776,-0.023659,-0.68918,0.333518,2.721347,-0.678979,0.611,1.130944,-0.678979,0.304137,2.765029,-0.657626,0.48483,0.6819,-0.657626,0.015401,0.016198,0.017423,0.015445,0.016079,0.016966,0.020954,0.020737,0.022165,0.027506,0.028077,0.028934,0.028462,0.029132,0.030129,-0.818023,0.612014,0.012848,2.080282,-0.000108,4.862552,-0.007446,7.285468,-0.001219,7.602208
2023-07-25,401.6,407.65,401.6,404.0,527398.0,98.515884,100.0,99.104624,100.59761,2.4,1.0,6.05,0.216422,1.080818,0.724986,-1.214311,1.512696,0.724986,0.007543,1.496592,0.663145,0.044985,-0.789814,0.663145,0.06864,2.222313,0.419095,0.343703,-0.031903,0.419095,0.36118,2.713837,0.235394,0.589809,1.148388,0.235394,0.265288,2.699291,0.272187,0.408247,0.580203,0.272187,0.014245,0.015336,0.016391,0.01537,0.015961,0.016824,0.020924,0.020717,0.022167,0.027422,0.027995,0.028867,0.028077,0.028843,0.029842,-0.081457,0.921264,0.034265,2.088759,-0.001248,4.839578,-0.008323,7.233538,0.000161,7.249657
2023-07-26,402.0,405.9,399.35,404.8,206004.0,99.039172,100.663578,99.728997,101.364718,2.8,0.19802,6.55,0.248521,1.076552,-0.04691,-1.376035,2.129113,-0.04691,0.072484,1.473975,0.085168,-0.074884,-0.639907,0.085168,0.12727,2.185238,0.032376,0.322458,0.083329,0.032376,0.333537,2.701123,-0.050171,0.6203,1.245354,-0.050171,0.239566,2.675069,-0.015531,0.413873,0.661793,-0.015531,0.014157,0.015144,0.016226,0.015337,0.015936,0.016841,0.020528,0.020366,0.021858,0.027118,0.027638,0.028488,0.027941,0.028682,0.029642,-0.138807,0.888636,0.019486,2.051348,-0.007806,4.667072,-0.006844,7.184078,0.000917,7.117415
2023-07-27,407.0,408.65,399.45,400.35,234203.0,99.596231,101.890099,97.968922,100.22531,6.65,-1.099308,9.2,-0.216402,1.050907,-0.840138,-0.300451,-2.102218,-0.840138,-0.013122,1.490568,-0.728707,0.088052,-0.74271,-0.728707,0.032164,2.131342,-0.530873,0.386555,0.318056,-0.530873,0.266333,2.651382,-0.515068,0.6501,1.475881,-0.515068,0.252925,2.661577,-0.508057,0.421711,0.70238,-0.508057,0.014478,0.015076,0.016252,0.015485,0.01601,0.016911,0.019868,0.019386,0.020229,0.026633,0.027116,0.027935,0.027899,0.028638,0.029592,-0.115337,0.856919,0.011277,2.106473,-0.00205,4.450893,-0.00449,6.942729,0.000112,7.04853
2023-07-28,400.3,401.95,396.8,398.7,134312.0,99.589501,100.882056,99.191442,100.478831,1.6,-0.412139,5.15,-0.365529,1.00528,-0.046365,0.334001,-1.13511,-0.046365,-0.089664,1.46853,-0.21959,0.238034,-0.557208,-0.21959,0.06484,2.111262,-0.225922,0.369394,0.405498,-0.225922,0.176083,2.514473,-0.233935,0.494925,1.318156,-0.233935,0.261386,2.656731,-0.253516,0.417838,0.721117,-0.253516,0.012831,0.012829,0.013437,0.015226,0.015666,0.016514,0.019693,0.019267,0.020091,0.025108,0.025435,0.026214,0.027832,0.02857,0.029525,0.010485,0.80825,0.023448,2.030471,-0.008185,4.354326,0.000165,6.259325,-0.000342,7.02254
2023-07-31,400.5,402.7,398.25,400.0,151000.0,99.453688,100.564972,99.329526,100.439422,0.5,0.32606,4.45,0.002526,0.794329,0.407304,-0.311921,-0.132137,0.407304,0.007155,1.42622,0.223601,0.105534,-0.353513,0.223601,0.136712,2.055947,0.092097,0.381297,0.583301,0.092097,0.24661,2.415884,0.032887,0.709049,1.276628,0.032887,0.249212,2.650793,0.02899,0.430315,0.758829,0.02899,0.009671,0.010043,0.010825,0.014875,0.015344,0.016268,0.019389,0.019094,0.019927,0.024748,0.025248,0.026013,0.027669,0.028405,0.029359,-0.195804,0.428088,0.005377,1.931438,-0.015731,4.090843,-0.003929,5.765267,4.4e-05,6.991562
2023-08-01,402.7,404.95,391.0,393.25,804623.0,99.444376,102.992327,97.110754,100.575448,9.45,-1.6875,13.95,-0.534974,0.8574,-1.344211,-0.447284,-1.744729,-1.344211,-0.050358,1.471793,-1.112345,0.140047,-0.590049,-1.112345,-0.022087,1.872373,-0.889466,0.010016,-0.353471,-0.889466,0.225849,2.42356,-0.789479,0.723317,1.251223,-0.789479,0.25296,2.647503,-0.73294,0.430946,0.771265,-0.73294,0.012886,0.012672,0.01306,0.015312,0.015673,0.016548,0.018901,0.018933,0.019744,0.024603,0.025008,0.025816,0.027631,0.028364,0.029324,-0.234567,0.478064,-0.027428,2.032852,-0.005046,3.430362,-0.004992,5.794141,-0.00065,6.972817
2023-08-02,400.0,417.9,390.5,398.4,3147289.0,95.716679,102.432778,95.333812,102.023047,1.6,1.309599,27.4,-0.312658,1.178833,1.376156,0.36713,-0.848549,1.376156,0.009469,1.502778,0.865151,0.042049,-0.798749,0.865151,0.010338,1.881273,0.690629,-0.036376,-0.400336,0.690629,0.203026,2.402193,0.460651,0.744463,1.395814,0.460651,0.235708,2.629164,0.408454,0.434671,0.845666,0.408454,0.021879,0.024423,0.025602,0.01766,0.018783,0.019786,0.019623,0.019923,0.020765,0.024836,0.025366,0.026179,0.027653,0.028452,0.029433,0.354245,0.860737,-0.00542,2.144449,-0.002622,3.466972,-0.002308,5.708389,0.000187,6.877825
2023-08-03,398.4,403.4,394.7,399.65,451349.0,98.760535,100.937421,99.070402,101.254117,1.25,0.313755,8.7,-0.030045,1.110496,0.309591,-0.644743,0.892591,0.309591,0.061543,1.493907,0.168827,-0.065918,-0.735886,0.168827,0.000355,1.878249,0.166857,-0.021511,-0.383751,0.166857,0.200036,2.401864,0.047346,0.74853,1.402136,0.047346,0.2538,2.617102,0.022909,0.432325,0.88807,0.022909,0.021808,0.024746,0.025735,0.017749,0.019004,0.019884,0.019629,0.01994,0.020778,0.02475,0.025256,0.026056,0.02761,0.028442,0.029417,0.243533,0.867945,-0.012713,2.114797,5.7e-05,3.457262,-0.001994,5.70795,-0.000335,6.814604
2023-08-04,403.2,403.2,395.1,396.7,298313.0,100.0,102.050114,98.387897,100.404961,6.5,-0.738146,8.1,-0.095246,1.147493,-0.560264,-0.38241,-0.39175,-0.560264,-0.084692,1.416065,-0.461458,0.059965,-0.48315,-0.461458,0.030252,1.853712,-0.414519,-0.036949,-0.279235,-0.414519,0.195923,2.403128,-0.388689,0.752086,1.398259,-0.388689,0.237876,2.613379,-0.373471,0.449364,0.919019,-0.373471,0.02221,0.024854,0.026173,0.017647,0.018976,0.019952,0.019501,0.019835,0.020717,0.024739,0.025223,0.026043,0.027611,0.028436,0.029393,-0.012716,1.053069,0.009415,1.90203,-0.00715,3.356876,-0.002871,5.710406,-0.000152,6.795525
2023-08-07,399.5,400.3,392.4,394.7,603859.0,99.80015,101.809378,98.601049,100.586137,4.8,-0.504159,7.9,-0.26129,1.131241,-0.214693,0.300156,-0.068261,-0.214693,-0.070939,1.410288,-0.307186,0.033643,-0.438859,-0.307186,-0.010284,1.842537,-0.268041,0.019321,-0.219115,-0.268041,0.178511,2.401816,-0.284231,0.774416,1.430824,-0.284231,0.226352,2.611535,-0.279725,0.462484,0.937812,-0.279725,0.02265,0.025179,0.026587,0.017529,0.018788,0.01987,0.019499,0.019836,0.020731,0.024589,0.025023,0.025852,0.02758,0.028399,0.029367,0.031894,1.02173,-0.007543,1.887576,-0.004752,3.322342,-0.002656,5.705156,-2.8e-05,6.786009
2023-08-08,397.0,400.25,395.55,397.1,240747.0,99.188007,100.366578,99.212992,100.391859,0.1,0.608057,4.7,0.197821,0.834655,0.491503,0.199894,-1.389435,0.491503,0.099704,1.26062,0.403256,0.198581,-0.558874,0.403256,0.05287,1.807505,0.307156,-0.028966,-0.075226,0.307156,0.205054,2.391627,0.168506,0.758737,1.464532,0.168506,0.236374,2.609121,0.142455,0.453366,0.944602,0.142455,0.020844,0.023845,0.025425,0.016085,0.017547,0.018807,0.01915,0.0196,0.020471,0.024499,0.024944,0.025787,0.027499,0.028315,0.029271,-0.2221,0.458662,-0.041009,1.453786,-0.009516,3.182874,-0.003749,5.650969,-0.000215,6.773319
2023-08-09,397.5,402.65,396.65,397.65,324284.0,98.720974,100.214295,98.758227,100.252111,0.15,0.138504,6.0,-0.036398,0.565635,0.309214,-0.303882,-2.152671,0.309214,0.047632,1.234897,0.073587,0.312752,-0.29447,0.073587,0.080265,1.798001,0.032391,-0.069298,-0.011775,0.032391,0.258288,2.328865,-0.051434,0.879536,1.581066,-0.051434,0.229042,2.607315,-0.034724,0.462096,0.960529,-0.034724,0.010908,0.01151,0.012826,0.015619,0.016977,0.018101,0.018658,0.018986,0.019851,0.024157,0.024683,0.025552,0.027444,0.028245,0.029209,0.09957,0.236126,-0.023399,1.430519,-0.01246,3.135821,-0.007055,5.327906,-2.3e-05,6.7641
2023-08-10,398.15,403.45,398.15,399.0,231630.0,98.68633,100.0,98.897013,100.213487,0.85,0.339495,5.3,-0.03125,0.569721,0.650748,-0.319633,-2.227892,0.650748,-0.034265,1.151689,0.324532,0.348832,0.261554,0.324532,0.012,1.718771,0.19054,-0.162451,0.097078,0.19054,0.281813,2.317545,0.024889,0.871116,1.625681,0.024889,0.224514,2.606328,0.044116,0.467586,0.96978,0.044116,0.009864,0.010141,0.012229,0.01541,0.016777,0.017899,0.017976,0.018339,0.019317,0.023912,0.024445,0.025312,0.027421,0.028221,0.029193,0.279794,0.103095,0.011241,1.255866,-0.002856,2.893392,-0.008383,5.258744,0.000146,6.758909
2023-08-11,399.95,403.05,397.8,399.95,338403.0,99.230865,100.540473,99.230865,100.540473,0.0,0.238095,5.25,0.163998,0.412481,0.179637,-1.2167,2.327482,0.179637,0.06465,1.080195,0.160569,0.347934,0.696476,0.160569,0.057062,1.693898,0.106874,-0.216387,0.267496,0.106874,0.315251,2.292157,-0.033661,0.888993,1.731662,-0.033661,0.199272,2.581386,0.01504,0.472631,1.068942,0.01504,0.008944,0.009962,0.011397,0.015283,0.016643,0.017636,0.017933,0.01829,0.019177,0.023694,0.024253,0.025131,0.027326,0.028148,0.029114,0.121595,0.106542,-0.011804,1.103847,-0.007288,2.800845,-0.010462,5.110239,0.000911,6.627466
2023-08-14,400.9,402.45,388.3,389.0,401623.0,99.614859,103.244914,96.65797,100.180273,11.9,-2.737842,14.15,-0.282738,1.383559,-1.774485,-2.145027,4.69543,-1.774485,0.004924,1.200145,-2.285362,-0.184253,1.089895,-2.285362,0.017889,1.735763,-1.587619,-0.216937,0.074661,-1.587619,0.283366,2.312343,-1.306557,0.884403,1.647585,-1.306557,0.191162,2.588078,-1.13173,0.471718,1.040767,-1.13173,0.01199,0.011347,0.012213,0.015712,0.016778,0.01779,0.018046,0.018283,0.019172,0.023641,0.024116,0.024977,0.027242,0.028038,0.028973,-0.659221,0.662244,-0.077228,1.170021,-0.015912,2.899888,-0.012194,5.169563,0.000275,6.664403
2023-08-16,390.9,395.0,390.1,392.95,206181.0,98.962025,100.205076,99.481013,100.730582,2.05,1.015424,4.9,-0.201265,1.459063,0.833884,-1.909874,4.060381,0.833884,-0.080499,1.047529,1.046198,-0.974755,0.772576,1.046198,0.054675,1.737049,0.553093,-0.2762,0.088579,0.553093,0.304987,2.308941,0.307689,0.862428,1.639913,0.307689,0.185396,2.584933,0.321102,0.478093,1.063291,0.321102,0.012039,0.011326,0.012089,0.015398,0.016528,0.017467,0.017873,0.018081,0.018999,0.023419,0.023823,0.024674,0.027158,0.027939,0.02889,-0.13235,1.668059,-0.019862,1.029335,-0.015626,2.906141,-0.012626,5.145071,0.000696,6.646855
2023-08-17,397.8,397.8,378.1,380.1,640462.0,100.0,105.210262,95.550528,100.528961,17.7,-3.270136,19.7,-0.882993,1.968135,-1.212896,-0.541443,-2.90892,-1.212896,-0.245882,1.266198,-2.388454,-1.048809,0.57175,-2.388454,-0.086792,1.713403,-1.857907,-0.407118,-0.120081,-1.857907,0.280356,2.333927,-1.521253,0.831402,1.534842,-1.521253,0.15084,2.5847,-1.323549,0.494479,1.090646,-1.323549,0.017741,0.014271,0.015606,0.01668,0.017044,0.018186,0.018024,0.018092,0.019101,0.023415,0.023668,0.024575,0.027147,0.027863,0.028806,-0.644193,2.268874,-0.063564,1.388749,-0.014269,2.834632,-0.015423,5.194525,0.000701,6.645631
2023-08-18,380.9,384.7,375.0,378.35,299800.0,99.012217,101.573333,98.349363,100.893333,2.55,-0.460405,9.7,-1.042973,1.87419,0.310837,-0.309776,-2.568072,0.310837,-0.330167,1.218312,-0.1069,-1.049702,0.705363,-0.1069,-0.131263,1.693144,-0.194397,-0.367766,-0.049783,-0.194397,0.255413,2.328319,-0.30744,0.865484,1.614132,-0.30744,0.166104,2.571936,-0.243594,0.4985,1.139764,-0.243594,0.018686,0.015757,0.016516,0.01682,0.017254,0.018332,0.018058,0.018133,0.019041,0.023398,0.023662,0.024552,0.027029,0.027749,0.028706,-0.192929,2.735628,-0.0434,1.347443,-0.010618,2.785924,-0.014801,5.184323,5.7e-05,6.581769
2023-08-21,375.0,377.9,360.15,371.2,999771.0,99.232601,104.123282,98.227044,103.068166,3.8,-1.889785,17.75,-1.468549,1.747909,-0.240994,0.654151,-1.00081,-0.240994,-0.441332,1.255435,-1.153746,-0.784102,-0.01615,-1.153746,-0.195356,1.697934,-0.997936,-0.283395,-0.126789,-0.997936,0.191166,2.297476,-0.905755,0.911435,1.852174,-0.905755,0.173825,2.563378,-0.805035,0.505825,1.171661,-0.805035,0.022444,0.021319,0.022662,0.017618,0.018276,0.019376,0.01829,0.018444,0.019395,0.023365,0.023752,0.024666,0.026908,0.027751,0.028608,0.022029,2.443177,-0.055201,1.395993,-0.011214,2.79913,-0.013482,5.074165,-0.000792,6.535959
2023-08-22,370.75,379.7,370.55,374.8,354728.0,97.642876,100.053974,98.709508,101.146944,4.05,0.969828,9.15,-0.727015,1.857818,0.913352,-0.508457,-1.581543,0.913352,-0.317129,1.266532,1.016126,-0.975221,0.329336,1.016126,-0.202399,1.692232,0.692711,-0.281648,-0.100187,0.692711,0.219615,2.28923,0.327714,0.891259,1.869712,0.327714,0.182606,2.56308,0.307139,0.496039,1.166558,0.307139,0.021313,0.021141,0.022721,0.017353,0.018101,0.019242,0.018353,0.018519,0.019477,0.023251,0.023628,0.024566,0.026869,0.0277,0.028557,0.128916,2.727951,-0.051982,1.434053,-0.004757,2.801663,-0.014271,5.018462,-0.000818,6.534301
2023-08-23,375.0,379.0,372.0,374.5,374988.0,98.944591,100.806452,98.812665,100.672043,0.5,-0.080043,7.0,-0.946108,1.65442,0.523486,-0.514858,-0.648891,0.523486,-0.371131,1.229913,0.236674,-0.989896,0.485494,0.236674,-0.125475,1.604653,0.028313,-0.214554,-0.007713,0.028313,0.214443,2.289318,-0.128634,0.898041,1.877373,-0.128634,0.172029,2.559759,-0.098475,0.508563,1.195513,-0.098475,0.021635,0.021635,0.023034,0.017418,0.018204,0.019267,0.017808,0.018112,0.019103,0.023215,0.023579,0.024502,0.026836,0.027663,0.028524,0.781042,0.96963,-0.027798,1.411358,-0.013588,2.484961,-0.014317,5.017761,-0.000578,6.518489
2023-08-24,375.15,391.3,375.15,386.9,1632116.0,95.872732,100.0,98.875543,103.132081,11.75,3.311081,16.15,0.370135,1.93704,1.518268,0.770861,1.015404,1.518268,-0.215478,1.477751,2.386437,-0.021767,1.095042,2.386437,-0.126036,1.603421,2.143615,-0.219125,-0.014341,2.143615,0.251907,2.309146,1.324808,0.850522,1.684331,1.324808,0.191762,2.568699,1.214358,0.489414,1.132567,1.214358,0.020252,0.021779,0.022604,0.018183,0.018755,0.019797,0.017838,0.018131,0.019138,0.023293,0.023617,0.024538,0.026827,0.027619,0.028491,0.935272,1.252233,0.033791,2.036595,0.002982,2.517687,-0.012872,5.140782,-0.000231,6.565043
2023-08-25,387.9,392.8,385.3,388.3,2025260.0,98.752546,100.674799,98.854379,100.778614,0.4,0.361851,7.5,0.534586,1.883052,-0.091732,0.436784,1.360398,-0.091732,-0.14242,1.467842,0.343546,-0.171938,1.235567,0.343546,-0.09782,1.599256,0.287428,-0.271293,0.035202,0.287428,0.214716,2.276572,0.06463,0.888528,1.936547,0.06463,0.186554,2.567285,0.068281,0.495837,1.145599,0.068281,0.019746,0.021206,0.022169,0.018111,0.018796,0.019799,0.017701,0.017993,0.018986,0.023101,0.023487,0.024412,0.026822,0.027614,0.028484,0.684452,1.899758,0.028084,2.020608,0.00187,2.50574,-0.010486,5.039339,-2.3e-05,6.557996
2023-08-28,391.5,394.7,384.05,386.65,309268.0,99.189258,101.939852,97.960476,100.676995,4.85,-0.424929,10.65,0.827558,1.483027,-0.844548,1.597769,2.654294,-0.844548,-0.14306,1.467968,-0.192013,-0.170496,1.23357,-0.192013,-0.123134,1.594106,-0.18932,-0.228826,0.056911,-0.18932,0.173746,2.25044,-0.266026,0.937969,2.183558,-0.266026,0.179699,2.567077,-0.235532,0.50385,1.15238,-0.235532,0.016641,0.017002,0.017421,0.018398,0.019109,0.020147,0.017708,0.017971,0.018925,0.023016,0.023407,0.024329,0.026825,0.027612,0.028473,-0.234762,1.649269,0.019789,2.034163,0.003399,2.487944,-0.00877,4.949745,0.0,6.556937
2023-08-29,386.0,393.5,385.0,389.85,316000.0,98.094028,100.25974,99.072427,101.25974,3.85,0.827622,8.5,0.799116,1.480979,0.019248,1.700074,3.093973,0.019248,-0.117982,1.480634,0.638648,-0.208004,1.100006,0.638648,-0.15153,1.563365,0.626311,-0.255159,0.178998,0.626311,0.204235,2.238286,0.278511,0.924516,2.231487,0.278511,0.184618,2.567373,0.250452,0.497962,1.146549,0.250452,0.016383,0.016696,0.01688,0.01857,0.01929,0.020302,0.017541,0.017936,0.018837,0.02274,0.023127,0.024053,0.026808,0.027585,0.028443,-0.192068,1.680858,0.041063,2.026597,0.011442,2.367965,-0.009833,4.879254,4.6e-05,6.55844
2023-08-30,389.85,392.75,385.4,387.05,340120.0,99.261617,101.154645,98.548695,100.428127,2.8,-0.718225,7.35,0.67148,1.598526,-0.869367,1.465189,2.286175,-0.869367,-0.069518,1.441914,-0.449893,-0.266093,1.5544,-0.449893,-0.094281,1.48571,-0.419964,-0.157557,0.303255,-0.419964,0.173722,2.229754,-0.40002,0.967363,2.358794,-0.40002,0.194411,2.560128,-0.356481,0.497475,1.178344,-0.356481,0.016403,0.016608,0.016793,0.018142,0.018979,0.01997,0.016834,0.01734,0.018295,0.022658,0.023029,0.023957,0.026747,0.027524,0.028385,-0.759284,0.891203,0.007706,1.973185,0.00171,2.162578,-0.009091,4.853216,-0.00052,6.520585
2023-08-31,387.05,394.7,382.0,391.45,801172.0,98.061819,101.32199,99.17659,102.473822,4.4,1.136804,12.7,0.236624,0.794461,1.133069,-0.184702,-2.346793,1.133069,-0.078158,1.43371,0.847425,-0.267816,1.638076,0.847425,-0.08135,1.493693,0.815531,-0.17147,0.245146,0.815531,0.204139,2.221844,0.419771,0.945099,2.373915,0.419771,0.213937,2.552298,0.361583,0.48708,1.205542,0.361583,0.014768,0.016393,0.01621,0.016294,0.016426,0.017179,0.016884,0.01738,0.018254,0.022695,0.023101,0.024015,0.026697,0.027512,0.028353,0.125661,0.473353,0.046715,1.880186,0.006038,2.178904,-0.009779,4.807547,-0.000826,6.479382
2023-09-01,395.0,398.1,386.05,389.35,403407.0,99.221301,102.318353,97.80206,100.854812,5.65,-0.536467,12.05,0.056961,0.858089,-0.691569,0.613414,-2.809043,-0.691569,-0.120669,1.434082,-0.28994,-0.171868,1.600635,-0.28994,-0.077443,1.492212,-0.307613,-0.179005,0.260171,-0.307613,0.183178,2.218813,-0.324338,0.975165,2.440294,-0.324338,0.208316,2.552709,-0.291762,0.493373,1.207248,-0.291762,0.016107,0.01761,0.017691,0.016552,0.016665,0.017505,0.016794,0.017264,0.018078,0.022689,0.023086,0.02401,0.026701,0.027513,0.028356,0.008611,0.588905,0.046356,1.882313,0.003375,2.179791,-0.009397,4.800316,-0.000882,6.48115
2023-09-04,391.95,392.9,386.7,388.6,308763.0,99.758208,101.357642,98.905574,100.491337,3.35,-0.192629,6.2,0.103421,0.831347,-0.356109,0.464618,-2.644507,-0.356109,-0.093393,1.42689,-0.069547,-0.233475,1.721566,-0.069547,-0.007331,1.397997,-0.132545,-0.00522,0.235462,-0.132545,0.162883,2.212808,-0.160661,1.00685,2.535185,-0.160661,0.193017,2.545854,-0.15148,0.509777,1.259361,-0.15148,0.014957,0.016337,0.016443,0.016465,0.016656,0.017431,0.016334,0.016987,0.017836,0.02263,0.023012,0.023949,0.026669,0.027487,0.02833,-0.185874,0.483812,0.035578,1.892125,-0.005764,1.908391,-0.008618,4.785665,-0.000541,6.447992
2023-09-05,388.55,397.0,387.2,389.3,644306.0,97.871537,100.348657,98.060453,100.542355,0.75,0.180134,9.8,-0.026077,0.735208,0.280479,1.166072,1.106915,0.280479,-0.059178,1.424724,0.167971,-0.312792,1.785588,0.167971,-0.058334,1.341458,0.177768,-0.067661,0.429936,0.177768,0.147535,2.20725,0.014769,1.032178,2.619053,0.014769,0.186906,2.544403,-0.002661,0.517384,1.273963,-0.002661,0.015309,0.017,0.017543,0.016589,0.016908,0.017709,0.016314,0.017066,0.017934,0.022594,0.022977,0.023935,0.026675,0.027497,0.028345,0.046728,0.428057,0.033,1.892138,0.001382,1.763122,-0.007667,4.774246,-0.00036,6.441184
2023-09-06,391.9,393.0,388.0,390.75,245787.0,99.720102,101.005155,99.427481,100.708763,1.15,0.372463,5.0,0.192061,0.633239,0.284888,0.665378,0.561289,0.284888,-0.070958,1.419883,0.312294,-0.292773,1.84311,0.312294,-0.059081,1.341202,0.32176,-0.066158,0.432441,0.32176,0.158818,2.205469,0.096871,1.01974,2.615334,0.096871,0.204437,2.533464,0.066323,0.514577,1.318941,0.066323,0.014847,0.016524,0.017411,0.016602,0.016921,0.017736,0.016273,0.01701,0.017872,0.022569,0.022957,0.023915,0.026596,0.02742,0.028276,-0.081208,0.307604,0.049702,1.833128,0.003542,1.760234,-0.008081,4.761034,-0.000833,6.384033
2023-09-07,392.9,414.0,388.8,406.25,1078425.0,94.903382,101.054527,98.128019,104.488169,13.35,3.966731,25.2,0.758046,1.82742,1.755855,2.031691,4.302603,1.755855,0.120453,1.683223,2.285067,0.250565,1.330407,2.285067,0.042269,1.448086,2.710102,0.193053,0.754793,2.710102,0.21855,2.227015,1.683051,0.9693,2.366879,1.683051,0.200594,2.527132,1.490281,0.510559,1.337933,1.490281,0.020683,0.022002,0.022427,0.018512,0.018913,0.019468,0.017057,0.01782,0.018592,0.022708,0.023085,0.023999,0.026626,0.027481,0.028324,0.957149,0.839305,0.11069,2.284189,0.010463,2.032215,-0.007131,4.867624,0.000411,6.353902
2023-09-08,410.6,415.2,400.3,403.2,734028.0,98.8921,102.57307,97.109827,100.724457,7.4,-0.750769,14.9,0.715186,1.867447,-0.785005,1.937641,4.043155,-0.785005,0.06594,1.69338,-0.482295,0.345339,1.266059,-0.482295,0.014998,1.449961,-0.528129,0.246315,0.753637,-0.528129,0.212686,2.228805,-0.432274,0.974225,2.360368,-0.432274,0.209265,2.520839,-0.380839,0.509834,1.368077,-0.380839,0.021354,0.022664,0.023177,0.019069,0.019505,0.020062,0.017281,0.018062,0.018843,0.022784,0.023164,0.024085,0.026608,0.027475,0.028324,0.267032,2.647275,0.101703,2.38024,0.009995,2.039536,-0.007939,4.865374,-0.000135,6.322796
2023-09-11,406.8,421.0,403.0,413.05,1516727.0,96.627078,100.942928,98.111639,102.493797,6.25,2.442956,18.0,1.242303,1.918413,0.625858,0.718759,-1.097241,0.625858,0.176183,1.774982,1.277068,0.23295,0.570543,1.277068,0.041483,1.482267,1.620136,0.259366,0.557356,1.620136,0.225439,2.237954,0.990868,0.954281,2.259108,0.990868,0.223072,2.525492,0.878991,0.494012,1.327589,0.878991,0.023989,0.025827,0.026219,0.019873,0.020479,0.021026,0.017551,0.018375,0.019128,0.02289,0.023296,0.024212,0.02663,0.027498,0.028351,0.340241,2.712719,0.138378,2.356345,0.01841,2.082588,-0.006036,4.928,0.000118,6.346174
2023-09-12,415.0,416.9,395.4,401.2,697777.0,99.544255,104.957006,96.234109,101.466869,13.8,-2.868902,21.5,0.632496,2.675617,-1.308632,-0.056327,-0.968273,-1.308632,0.16963,1.786511,-1.700819,0.20489,0.567471,-1.700819,0.016311,1.521069,-1.896833,0.170049,0.476547,-1.896833,0.184024,2.256623,-1.352874,0.959376,2.19281,-1.352874,0.218225,2.530512,-1.219962,0.490618,1.305786,-1.219962,0.027067,0.028228,0.028224,0.020553,0.021281,0.021778,0.017976,0.018751,0.019493,0.023047,0.023422,0.024338,0.02668,0.027547,0.028397,-0.800651,4.445061,0.048866,2.952644,0.007517,2.255609,-0.007239,4.997756,-0.000663,6.370006
2023-09-13,402.0,405.0,388.0,393.0,590034.0,99.259259,103.608247,97.037037,101.28866,9.0,-2.043868,17.0,0.149229,2.939528,-0.746072,0.474603,-2.193528,-0.746072,0.016666,1.840439,-1.119589,0.357705,0.344761,-1.119589,-0.013821,1.546961,-1.31228,0.173293,0.32124,-1.31228,0.160517,2.267548,-0.972145,0.967535,2.142766,-0.972145,0.204658,2.535349,-0.886871,0.500397,1.286699,-0.886871,0.029214,0.03042,0.030076,0.021278,0.022036,0.022425,0.018244,0.019031,0.019713,0.023096,0.023448,0.024329,0.026731,0.027601,0.02842,-1.413933,2.914245,0.030599,3.186721,0.001314,2.344868,-0.008488,5.030319,-0.000933,6.392955
2023-09-14,394.85,407.9,394.0,398.7,317659.0,96.800686,100.215736,97.744545,101.192893,3.85,1.450382,13.9,-0.35404,2.259235,0.798687,0.25161,-2.243215,0.798687,0.252691,1.69357,0.707199,0.454311,0.416584,0.707199,0.012925,1.5607,0.921033,0.132739,0.205134,0.921033,0.186237,2.267445,0.557519,0.936702,2.098672,0.557519,0.216494,2.535613,0.486623,0.487137,1.275585,0.486623,0.025606,0.027022,0.027541,0.020686,0.022121,0.022454,0.01842,0.019248,0.019984,0.023098,0.023458,0.024354,0.026763,0.027646,0.028473,-0.008452,4.083171,-0.000816,2.724747,0.00507,2.381715,-0.008499,5.029703,-0.000916,6.39439
2023-09-15,413.0,444.35,403.0,433.35,2797217.0,92.944751,102.48139,97.524474,107.531017,20.35,8.690745,41.35,1.534262,4.589087,1.559457,1.017867,0.916023,1.559457,0.710249,2.523578,3.162374,1.713438,4.485111,3.162374,0.201295,1.981214,4.284974,1.554332,5.902656,4.284974,0.267841,2.421561,3.478296,1.112248,2.367231,3.478296,0.260129,2.605373,3.235858,0.572959,1.369775,3.235858,0.03532,0.037383,0.039724,0.024253,0.025841,0.026913,0.020148,0.021134,0.022142,0.023768,0.024184,0.025221,0.027073,0.027981,0.028868,1.681486,11.192985,0.108468,5.658823,0.023675,3.729984,-0.003238,5.796578,0.000311,6.753704
2023-09-18,442.0,449.35,430.35,432.7,2723990.0,98.364304,102.707099,96.294648,100.546067,9.3,-0.149994,19.0,1.015672,4.607201,-0.25301,1.54813,2.507067,-0.25301,0.797238,2.458379,-0.385308,1.802086,4.956129,-0.385308,0.154564,1.960884,-0.155317,1.655485,6.428942,-0.155317,0.189114,2.301758,-0.147326,1.049624,2.557073,-0.147326,0.250668,2.603398,-0.1539,0.58432,1.391229,-0.1539,0.035277,0.037098,0.040311,0.024086,0.025491,0.026774,0.020371,0.021432,0.022581,0.023116,0.023664,0.024835,0.027118,0.028031,0.028947,1.617243,11.75009,0.055126,5.640405,0.02771,3.608263,0.001032,5.244222,0.000473,6.743048
2023-09-20,432.7,453.95,425.7,435.0,2060629.0,95.318868,101.64435,95.825531,102.184637,2.3,0.531546,28.25,1.695762,4.115126,-0.282911,1.686622,3.346871,-0.282911,0.775324,2.458713,-0.099149,1.830968,5.031504,-0.099149,0.180779,1.956903,0.179246,1.626204,6.410535,0.179246,0.201367,2.300271,0.143539,1.03597,2.548299,0.143539,0.241463,2.59911,0.111609,0.595193,1.426812,0.111609,0.036606,0.039936,0.043138,0.025374,0.027201,0.028386,0.020982,0.022242,0.023369,0.02268,0.02309,0.024244,0.027222,0.028181,0.029092,0.355045,13.295295,0.054056,5.645851,0.02631,3.608726,0.0007,5.237927,0.000835,6.71927
2023-09-21,436.0,437.65,418.0,419.1,697429.0,99.622986,104.30622,95.761453,100.263158,16.9,-3.655172,19.65,1.373501,4.523976,-1.111561,1.172223,2.480833,-1.111561,0.596568,2.646932,-1.60629,1.420697,3.844364,-1.60629,0.163771,1.986847,-1.922113,1.499675,6.102681,-1.922113,0.163994,2.332365,-1.637465,0.996254,2.38922,-1.637465,0.211774,2.609569,-1.481834,0.603214,1.406554,-1.481834,0.036873,0.039255,0.042607,0.025993,0.027455,0.028651,0.020858,0.022007,0.02317,0.022771,0.023085,0.024249,0.027267,0.028192,0.029094,-1.837031,9.623727,-0.022743,6.638738,0.009973,3.847898,-0.001663,5.38322,0.000561,6.77475
2023-09-22,422.0,422.2,406.15,411.05,828353.0,99.952629,103.902499,97.359072,101.206451,10.95,-1.920783,16.05,0.699268,4.754968,-0.551013,1.585909,2.968665,-0.551013,0.334975,2.622961,-0.860004,1.67709,4.840823,-0.860004,0.101757,2.002809,-1.009851,1.53415,6.035092,-1.009851,0.186806,2.300164,-0.916278,1.071136,2.525777,-0.916278,0.207792,2.612224,-0.814851,0.603913,1.394167,-0.814851,0.037165,0.039049,0.042222,0.025898,0.027422,0.028655,0.020937,0.021997,0.023122,0.02263,0.023029,0.024203,0.027244,0.028139,0.029032,-2.472823,5.858069,-0.015845,6.527581,0.007556,3.919128,-0.005548,5.2122,4.1e-05,6.789591
2023-09-25,414.5,414.9,407.2,408.65,285990.0,99.903591,101.792731,98.493613,100.35609,5.85,-0.583871,7.7,-1.155655,1.659665,0.344518,-0.916635,0.008262,0.344518,0.287689,2.630963,-0.33127,1.719258,4.890429,-0.33127,0.050531,1.986545,-0.319349,1.633974,6.501392,-0.319349,0.20197,2.289909,-0.343176,1.075195,2.586629,-0.343176,0.207888,2.612195,-0.303101,0.603833,1.394273,-0.303101,0.026802,0.02773,0.029585,0.02589,0.027341,0.028645,0.020905,0.021941,0.023075,0.022482,0.022849,0.024064,0.027236,0.028126,0.029025,-0.332008,1.98313,-0.028547,6.548775,0.010537,3.844313,-0.007392,5.145719,-0.000199,6.789311
2023-09-26,410.05,423.4,409.35,421.05,615080.0,96.846953,100.171003,99.444969,102.85819,11.0,3.034382,14.05,-0.51878,2.526606,1.406298,0.320551,0.012959,1.406298,0.460654,2.694591,0.955146,1.449065,3.706069,0.955146,0.146023,2.013284,1.434651,1.505562,5.768197,1.434651,0.192618,2.276235,1.248449,1.080384,2.687901,1.248449,0.22644,2.619052,1.072121,0.584212,1.337711,1.072121,0.025804,0.026019,0.026647,0.026026,0.027327,0.028609,0.021034,0.021997,0.023092,0.022412,0.02279,0.02401,0.027237,0.028104,0.029007,0.807697,3.80224,-0.00056,6.897768,0.013172,3.936115,-0.003426,5.119653,9e-05,6.825111
2023-09-27,422.05,447.6,420.3,445.3,1944920.0,94.291778,100.416369,99.486148,105.948132,23.25,5.759411,27.3,0.526793,3.820384,1.369658,0.522091,-1.354684,1.369658,0.707244,2.944054,1.716058,1.171991,1.760353,1.716058,0.292077,2.148573,2.544635,1.415365,4.332531,2.544635,0.246702,2.343301,2.35254,1.057768,2.290698,2.35254,0.25227,2.648004,2.079733,0.58199,1.224085,2.079733,0.025568,0.020981,0.021283,0.027206,0.027933,0.029192,0.021612,0.022299,0.023391,0.022638,0.022858,0.024077,0.027349,0.028157,0.029061,2.378433,0.362377,0.080931,8.016299,0.022243,4.421009,-2.3e-05,5.436148,0.000971,6.973725
2023-09-28,452.0,456.6,437.05,439.4,903641.0,98.992554,103.420661,96.233027,100.537696,12.6,-1.324949,19.55,0.992838,3.287684,-0.704991,0.887607,-1.145192,-0.704991,0.676907,2.962583,-0.675713,1.171912,1.699564,-0.675713,0.211101,2.131279,-0.720717,1.528027,4.790517,-0.720717,0.147986,2.193243,-0.671579,0.865552,1.873374,-0.671579,0.225347,2.636447,-0.588025,0.604249,1.302125,-0.588025,0.025291,0.021901,0.023024,0.027718,0.028368,0.02977,0.021814,0.022485,0.023608,0.022093,0.022549,0.023813,0.027344,0.028166,0.029085,0.753495,7.511582,0.029392,8.309327,0.024393,4.327586,0.004074,4.748385,0.001309,6.910384
2023-09-29,440.9,445.0,435.0,438.4,459103.0,99.078652,101.356322,98.516854,100.781609,2.5,-0.227583,10.0,1.331478,2.985896,-0.522142,0.973439,-0.734867,-0.522142,0.608688,2.967141,-0.281844,1.241298,1.804694,-0.281844,0.205798,2.132049,-0.20327,1.533969,4.795543,-0.20327,0.148803,2.193087,-0.171624,0.864639,1.873441,-0.171624,0.23813,2.627965,-0.177214,0.602976,1.337506,-0.177214,0.023844,0.020785,0.021608,0.027537,0.028156,0.029595,0.02185,0.02253,0.023637,0.02195,0.022354,0.023595,0.02719,0.028007,0.02894,-0.364676,6.866485,0.023732,8.345001,0.022936,4.345168,0.003573,4.750892,0.000788,6.869602
2023-10-03,440.3,443.3,427.9,429.4,482158.0,99.323257,102.897873,96.864426,100.350549,10.9,-2.05292,15.4,1.037668,3.27934,-0.942442,0.809287,-1.105141,-0.942442,0.532865,3.016903,-0.857099,1.227718,1.650268,-0.857099,0.140234,2.150385,-1.019889,1.563473,4.75407,-1.019889,0.112375,2.199153,-0.984604,0.894973,1.887665,-0.984604,0.223493,2.632551,-0.864717,0.613262,1.32372,-0.864717,0.025168,0.022113,0.022558,0.027637,0.028147,0.029553,0.021991,0.022627,0.023727,0.021905,0.022263,0.023529,0.027212,0.028015,0.028945,-1.61616,3.379311,-0.032372,8.611773,0.020118,4.447383,0.003139,4.779701,0.000542,6.894697
2023-10-04,429.85,435.85,422.0,424.85,810220.0,98.62338,101.86019,97.476196,100.675355,5.0,-1.059618,13.85,0.218868,3.165275,-0.40391,2.003642,4.17094,-0.40391,0.489516,3.034056,-0.510582,1.246985,1.625502,-0.510582,0.112372,2.156845,-0.543382,1.586162,4.749297,-0.543382,0.069713,2.179818,-0.518085,0.94784,2.098897,-0.518085,0.217514,2.634108,-0.484844,0.618466,1.319388,-0.484844,0.02503,0.022868,0.023186,0.027894,0.028475,0.029804,0.022033,0.022661,0.023709,0.021782,0.022144,0.023425,0.027234,0.028041,0.028966,-1.436603,3.887515,-0.066577,8.597841,0.017768,4.493192,0.004318,4.688554,0.000337,6.903454
2023-10-05,424.1,426.75,419.3,421.25,296966.0,99.379028,101.144765,98.711189,100.465061,2.85,-0.847358,7.45,-1.102486,0.668056,0.381896,-0.255989,0.839893,0.381896,0.438141,3.048236,-0.421719,1.280976,1.637069,-0.421719,0.125709,2.148628,-0.452878,1.592361,4.821673,-0.452878,0.073322,2.177979,-0.422722,0.946483,2.108972,-0.422722,0.196724,2.625969,-0.397599,0.639593,1.384211,-0.397599,0.019057,0.019406,0.019932,0.027792,0.028322,0.029589,0.021902,0.022554,0.023595,0.021433,0.021664,0.022891,0.027166,0.027981,0.028909,0.012315,0.356736,-0.09056,8.55447,0.011527,4.496599,0.002999,4.688663,0.000645,6.859847
2023-10-06,422.85,422.85,412.75,414.7,316226.0,100.0,102.447002,98.072603,100.472441,8.15,-1.554896,10.1,-1.148475,0.694588,-0.585126,0.002453,-0.353169,-0.585126,0.341773,3.080715,-0.615659,1.32936,1.632278,-0.615659,0.074611,2.157772,-0.755181,1.634762,4.858775,-0.755181,0.071626,2.179192,-0.746387,0.946077,2.101651,-0.746387,0.19955,2.623766,-0.668674,0.639925,1.394163,-0.668674,0.016346,0.016614,0.01629,0.027928,0.028381,0.029627,0.021961,0.022575,0.023608,0.021449,0.021666,0.022898,0.027122,0.027939,0.028868,-0.144906,0.343966,-0.120069,8.536914,0.009714,4.543209,0.001147,4.700292,3.4e-05,6.849726
2023-10-09,412.55,412.6,400.35,401.95,288850.0,99.987882,103.047334,97.418808,100.39965,10.6,-3.074512,12.25,-1.717861,0.890278,-1.52385,-0.936134,0.282915,-1.52385,-0.010289,3.046802,-1.005718,1.580295,2.627909,-1.005718,0.00916,2.203108,-1.399692,1.566679,4.508532,-1.399692,0.068215,2.183888,-1.439051,0.935794,2.080198,-1.439051,0.190221,2.632102,-1.240352,0.635613,1.359276,-1.240352,0.017189,0.01629,0.016208,0.02693,0.027168,0.028592,0.022067,0.02261,0.023649,0.021311,0.021517,0.022771,0.027098,0.027889,0.028832,-0.253846,0.505201,-0.111637,8.404463,0.002606,4.755195,-0.002422,4.716787,-0.000667,6.891839
2023-10-10,393.0,398.0,378.55,384.8,2401774.0,98.743719,103.817197,96.683417,101.651037,8.2,-4.2667,19.45,-2.160617,1.464115,-1.438468,-0.834153,-1.212855,-1.438468,-0.186085,3.18985,-1.27925,1.422776,2.185097,-1.27925,-0.054188,2.279832,-1.847729,1.36282,3.966246,-1.847729,-0.011012,2.196091,-1.937847,0.906549,2.18056,-1.937847,0.167783,2.6509,-1.672822,0.623714,1.298137,-1.672822,0.019656,0.020139,0.021985,0.02732,0.027663,0.029339,0.02239,0.023017,0.024187,0.021166,0.021279,0.022296,0.027158,0.027955,0.028925,-0.864132,0.22146,-0.184135,8.539023,-0.010169,5.072145,-0.002822,4.767952,-0.001328,6.986259
2023-10-11,389.0,391.0,383.0,384.9,928533.0,99.488491,101.56658,98.439898,100.496084,4.1,0.025988,8.0,-1.943496,1.725389,1.141472,-0.403223,-1.331468,1.141472,-0.306934,3.130232,0.106357,1.599755,2.890761,0.106357,-0.045425,2.27927,0.031331,1.351898,3.950637,0.031331,0.009708,2.186451,0.007446,0.897893,2.230119,0.007446,0.160197,2.649115,-0.050662,0.632942,1.316829,-0.050662,0.018493,0.018599,0.021205,0.026827,0.027028,0.028819,0.022432,0.023058,0.024271,0.021107,0.021247,0.022279,0.027143,0.027938,0.028919,-0.096511,2.362944,-0.139594,8.660511,-0.010857,5.066622,-0.004034,4.719207,-0.001141,6.978376
2023-10-12,385.0,388.0,380.1,381.4,487238.0,99.226804,101.289134,98.298969,100.342015,3.6,-0.909327,7.9,-1.955889,1.715742,0.609976,-0.391349,-1.258959,0.609976,-0.208955,3.076018,-0.227688,1.612976,3.059312,-0.227688,-0.070133,2.281856,-0.367768,1.379901,3.982833,-0.367768,0.03329,2.163342,-0.435722,0.928648,2.362148,-0.435722,0.178613,2.628632,-0.413881,0.656283,1.380129,-0.413881,0.018712,0.018813,0.021393,0.026015,0.026295,0.028139,0.02248,0.023108,0.024308,0.020992,0.021196,0.022225,0.026982,0.027824,0.028808,0.439164,1.969287,-0.188652,7.805446,-0.01198,5.072837,-0.006566,4.597327,-0.002018,6.861589
2023-10-13,381.3,384.15,374.0,375.2,455509.0,99.258102,101.951872,97.670181,100.320856,6.1,-1.62559,10.15,-1.970028,1.711899,0.201202,-0.355057,-1.237482,0.201202,-0.188041,3.064286,-0.46913,1.615602,3.100097,-0.46913,-0.068895,2.280977,-0.682469,1.380638,3.989801,-0.682469,-0.045491,2.076268,-0.761029,0.884399,2.607475,-0.761029,0.205231,2.582645,-0.708894,0.765705,1.371798,-0.708894,0.018965,0.0194,0.021765,0.025623,0.02585,0.027766,0.022398,0.023048,0.024238,0.020723,0.021091,0.022104,0.026826,0.027698,0.028643,0.625522,1.561923,-0.237862,7.039132,-0.019601,5.018786,-0.003782,4.255859,-0.003361,6.599044
2023-10-16,374.0,376.9,366.0,367.5,848334.0,99.230565,102.185792,97.50597,100.409836,6.5,-2.052239,10.9,-1.765574,1.6047,-0.178641,-0.936628,1.421669,-0.178641,-0.363172,3.065809,-0.550937,1.781753,3.566925,-0.550937,-0.136131,2.289048,-0.837076,1.439433,4.076665,-0.837076,-0.062896,2.085796,-0.953757,0.888723,2.543664,-0.953757,0.221681,2.557487,-0.889123,0.817348,1.414974,-0.889123,0.018876,0.020006,0.022131,0.025503,0.025605,0.027404,0.021787,0.022172,0.023313,0.020734,0.021077,0.022074,0.026758,0.027622,0.028503,0.277734,1.905778,-0.238623,7.035936,-0.020892,5.044049,-0.005136,4.285061,-0.004535,6.439495
2023-10-17,371.05,375.0,369.15,372.55,453759.0,98.946667,100.514696,99.346667,100.921035,1.5,1.37415,5.85,-0.637404,1.37283,1.46526,0.743072,-0.422233,1.46526,-0.729002,2.258932,0.931038,1.260297,2.745164,0.931038,-0.114923,2.298195,0.647932,1.399349,3.90926,0.647932,-0.057284,2.088929,0.685248,0.879101,2.502111,0.685248,0.193178,2.51209,0.470115,0.794288,1.495645,0.470115,0.013894,0.014388,0.015298,0.021972,0.021625,0.022957,0.02175,0.022119,0.02331,0.020717,0.021058,0.022079,0.026498,0.027468,0.028357,0.155341,1.459468,-0.070848,4.680742,-0.016237,5.121166,-0.003751,4.308262,-0.00333,6.242094
2023-10-18,375.05,379.9,369.05,370.55,521287.0,98.723348,101.625796,97.538826,100.406449,4.5,-0.536841,10.85,-0.749969,1.327151,0.160591,1.19597,1.599278,0.160591,-0.748344,2.255367,0.093778,1.293917,2.838912,0.093778,-0.110897,2.297257,-0.185414,1.395879,3.910128,-0.185414,-0.040323,2.077942,-0.238947,0.879836,2.578187,-0.238947,0.184555,2.511619,-0.287223,0.804699,1.510168,-0.287223,0.014925,0.015673,0.016135,0.021547,0.021163,0.022161,0.02182,0.022236,0.0234,0.020693,0.02107,0.022098,0.026492,0.027457,0.028352,0.374471,1.128606,-0.05896,4.716759,-0.018756,5.098585,-0.005355,4.250771,-0.003289,6.240641
2023-10-19,370.0,373.55,365.3,366.95,318432.0,99.049659,101.286614,98.233168,100.451684,3.05,-0.971529,8.25,-0.76241,1.329308,-0.157314,1.23574,1.67398,-0.157314,-0.823498,2.235428,-0.06622,1.429925,3.290004,-0.06622,-0.120245,2.299839,-0.370149,1.402876,3.903351,-0.370149,-0.065264,2.073957,-0.436974,0.91639,2.663853,-0.436974,0.195563,2.501634,-0.466532,0.812812,1.552057,-0.466532,0.015107,0.01596,0.01641,0.01997,0.018877,0.019953,0.021837,0.022272,0.023409,0.020701,0.021089,0.022109,0.026444,0.027437,0.028327,0.282352,1.254202,-0.04194,4.688798,-0.021744,5.085017,-0.004961,4.237779,-0.003967,6.174417
2023-10-20,367.0,373.95,363.9,365.75,328656.0,98.141463,100.851882,97.807193,100.508381,1.25,-0.32702,10.05,-0.502696,1.242524,0.141386,0.606666,1.556664,0.141386,-0.65709,2.135168,0.154587,1.517765,3.808093,0.154587,-0.138946,2.297597,-0.081857,1.431732,3.980996,-0.081857,-0.043038,2.058918,-0.137928,0.921657,2.768974,-0.137928,0.203873,2.497097,-0.212604,0.810518,1.571463,-0.212604,0.015167,0.016627,0.017387,0.019343,0.018765,0.019876,0.021937,0.022405,0.023535,0.02059,0.02105,0.022054,0.026367,0.027351,0.02826,0.110476,1.210683,-0.079558,4.120542,-0.020447,5.08631,-0.006622,4.160215,-0.004375,6.140525
2023-10-23,366.0,369.85,318.2,346.15,428288.0,98.959037,115.021999,93.591997,108.783784,19.85,-5.358852,51.65,-1.164018,2.50848,-1.672261,-1.494687,3.105865,-1.672261,-0.828994,2.367972,-1.912969,0.906222,2.716173,-1.912969,-0.248893,2.412699,-2.117943,1.163634,3.428401,-2.117943,-0.084314,2.123345,-2.48407,0.739874,2.567257,-2.48407,0.174083,2.527709,-2.188913,0.763022,1.509136,-2.188913,0.042426,0.04729,0.05014,0.027479,0.02887,0.030434,0.025353,0.026495,0.027817,0.022259,0.023048,0.024161,0.027101,0.028222,0.029179,-1.325618,1.519452,-0.166679,4.40318,-0.032049,5.490787,-0.0105,4.371645,-0.005145,6.269121
2023-10-25,346.9,360.0,326.1,329.1,1038303.0,96.361111,106.378412,91.416667,100.919963,17.8,-4.92561,33.9,-2.42397,2.496987,-1.001863,-0.586923,-3.182377,-1.001863,-1.046081,2.537282,-1.52901,0.776386,1.965092,-1.52901,-0.354195,2.499819,-1.828698,1.038406,3.01285,-1.828698,-0.171098,2.142199,-2.219454,0.666389,2.642061,-2.219454,0.170012,2.53529,-2.009878,0.744268,1.502264,-2.009878,0.049877,0.054559,0.05681,0.030416,0.031931,0.033243,0.026685,0.027868,0.029086,0.022751,0.02359,0.024685,0.027256,0.02841,0.029346,-1.316486,1.521683,-0.221332,4.487068,-0.041612,5.76351,-0.01105,4.441378,-0.006552,6.252441
2023-10-26,327.0,333.75,312.0,316.0,1454179.0,97.977528,104.807692,94.681648,101.282051,11.0,-3.980553,21.75,-3.112713,2.314608,-0.374941,0.453278,-2.858321,-0.374941,-1.396827,2.425942,-1.06504,0.991951,3.159619,-1.06504,-0.438568,2.550108,-1.388955,1.020211,2.770981,-1.388955,-0.190753,2.168148,-1.747943,0.620934,2.491971,-1.747943,0.159827,2.547884,-1.625027,0.726354,1.458777,-1.625027,0.052486,0.057163,0.059035,0.031408,0.033099,0.034262,0.027269,0.028483,0.02963,0.023078,0.023935,0.024952,0.02735,0.02851,0.029436,-1.061664,2.031667,-0.198824,4.276524,-0.048694,5.879196,-0.014431,4.480334,-0.007491,6.272227
2023-10-27,318.2,340.5,318.2,337.45,808456.0,93.450808,100.0,99.104258,106.049654,19.25,6.787975,22.3,-1.560812,5.070173,1.646647,1.524113,1.895237,1.646647,-1.345399,2.590926,3.139177,1.359444,4.462923,3.139177,-0.248052,2.724682,2.582329,1.026934,2.168178,2.582329,-0.115082,2.276737,3.031995,0.731497,2.339354,3.031995,0.189885,2.590301,2.547229,0.741062,1.356977,2.547229,0.055224,0.058441,0.060353,0.031588,0.033168,0.034393,0.027703,0.028718,0.029887,0.023379,0.024073,0.025104,0.027483,0.028578,0.029506,1.560829,15.692947,0.031095,6.345104,-0.037322,6.985343,-0.010642,5.037335,-0.006408,6.539223
2023-10-30,339.7,343.85,331.0,338.7,792498.0,98.793078,102.628399,98.502254,102.326284,1.0,0.370425,12.85,-1.421323,5.121932,0.349819,1.358674,1.056059,0.349819,-1.26063,2.61921,0.622728,1.224397,3.931704,0.622728,-0.260952,2.720101,0.232115,1.04507,2.224731,0.232115,-0.103139,2.276114,0.208058,0.716447,2.329396,0.208058,0.195792,2.589354,0.067443,0.735257,1.356428,0.067443,0.055685,0.059046,0.060891,0.031455,0.033223,0.034315,0.027871,0.028945,0.030096,0.023412,0.024132,0.025164,0.0275,0.028612,0.029531,2.317214,10.24839,0.055929,6.41324,-0.032772,7.027308,-0.010783,5.032005,-0.006532,6.528995
2023-10-31,338.95,364.4,338.7,359.2,2477941.0,93.015917,100.073812,98.572997,106.052554,20.25,6.052554,25.7,0.860958,5.460023,0.950838,0.10438,-2.892758,0.950838,-0.946624,3.084669,2.269021,1.1861,1.943532,2.269021,-0.074498,2.82704,2.167303,0.986914,1.682505,2.167303,-0.080645,2.325682,2.637161,0.78428,2.290802,2.637161,0.207351,2.610333,2.239256,0.748871,1.31658,2.239256,0.043065,0.041699,0.041331,0.032811,0.034062,0.035162,0.028227,0.029249,0.030339,0.023682,0.024319,0.025347,0.027611,0.02868,0.029601,2.630731,10.007996,0.176715,8.00109,-0.025286,7.699156,-0.004759,5.335843,-0.005124,6.692261
2023-11-01,361.9,365.0,352.15,358.85,579847.0,99.150685,102.768707,98.315068,101.902598,3.05,-0.097439,12.85,1.826592,4.528226,-0.424897,-0.03791,-1.815272,-0.424897,-0.84885,3.078743,0.244064,1.091006,1.805573,0.244064,-0.067239,2.826495,-0.010685,0.979513,1.675295,-0.010685,-0.099251,2.318213,0.000782,0.811269,2.382939,0.000782,0.195139,2.605992,-0.112271,0.76401,1.357848,-0.112271,0.035238,0.033136,0.032934,0.032821,0.034232,0.035343,0.028308,0.029353,0.030458,0.023743,0.024397,0.025396,0.027633,0.028719,0.029639,0.703081,15.415219,0.171378,8.028158,-0.026285,7.685406,-0.003651,5.309264,-0.004847,6.67893
2023-11-02,364.9,395.65,358.0,391.7,3198708.0,92.227979,101.927374,99.001643,109.413408,26.8,9.154243,37.65,4.453552,4.107501,1.144416,-0.250438,-2.592436,1.144416,-0.338157,3.803708,2.495564,1.191786,1.270502,2.495564,0.153642,3.099503,2.903885,1.083884,1.60858,2.903885,-0.020857,2.492514,3.681062,1.081906,2.89409,3.681062,0.240718,2.681852,3.323646,0.838724,1.465387,3.323646,0.04044,0.036691,0.036986,0.035196,0.036074,0.03722,0.029271,0.030008,0.031077,0.024406,0.024906,0.025901,0.027913,0.028925,0.029855,0.426467,13.133506,0.310951,10.529822,-0.009051,9.397723,0.002703,6.144413,-0.003533,7.11475
2023-11-03,391.75,402.45,381.8,392.5,1656812.0,97.341285,102.606076,97.527643,102.802514,0.75,0.204238,20.65,3.136804,4.225645,-0.693993,0.897107,-1.62785,-0.693993,-0.285577,3.803567,0.128778,1.146146,1.191359,0.128778,0.13833,3.097279,0.021279,1.101281,1.645739,0.021279,-0.032035,2.488935,0.094929,1.098717,2.948117,0.094929,0.232405,2.679361,-0.010513,0.849331,1.492173,-0.010513,0.038789,0.03783,0.037583,0.035821,0.036929,0.037931,0.029538,0.030383,0.031365,0.02459,0.025161,0.026104,0.027974,0.029011,0.02992,0.276931,14.131475,0.31066,10.534828,-0.006933,9.391266,0.003651,6.121745,-0.003294,7.106922
2023-11-06,391.55,393.75,375.15,377.35,587148.0,99.44127,104.371585,95.834921,100.586432,14.2,-3.859873,18.6,2.290745,5.223644,-1.177457,0.354224,-1.449102,-1.177457,-0.400826,3.87824,-0.891912,1.136565,1.048319,-0.891912,0.062733,3.148424,-1.245895,1.079999,1.507555,-1.245895,-0.031371,2.487894,-1.538852,1.101267,2.952724,-1.538852,0.194968,2.68399,-1.510751,0.85895,1.523373,-1.510751,0.039609,0.037623,0.037229,0.036261,0.037265,0.038227,0.029781,0.030538,0.031513,0.024536,0.025106,0.026055,0.028024,0.029045,0.02993,-1.952318,14.206079,0.239557,12.380578,-0.016876,9.655014,-0.000983,6.126917,-0.003393,7.129417
2023-11-07,378.95,393.9,372.35,391.7,953314.0,96.20462,101.772526,99.441483,105.196724,12.75,3.802836,21.55,1.840801,4.905833,0.399939,0.712148,0.530727,0.399939,-0.056958,3.933202,0.981336,0.887139,0.429785,0.981336,0.072568,3.159527,1.180641,1.071086,1.446817,1.180641,-0.026734,2.494663,1.535105,1.098639,2.902978,1.535105,0.213436,2.696078,1.331341,0.838856,1.43485,1.331341,0.037568,0.037049,0.036594,0.036818,0.037908,0.038809,0.029948,0.030746,0.031695,0.024649,0.025239,0.026178,0.028111,0.029125,0.030006,-0.521357,18.710135,0.257393,12.493725,-0.00012,9.782953,0.003337,6.15183,-0.002867,7.205089
2023-11-08,392.55,394.65,384.0,386.65,329326.0,99.467883,102.226562,97.972887,100.690104,5.9,-1.289252,10.65,1.602438,5.050376,-0.572569,0.813302,0.146333,-0.572569,0.091914,3.820201,-0.361543,0.914538,0.62629,-0.361543,0.039546,3.165065,-0.419833,1.096369,1.464128,-0.419833,-0.029137,2.495773,-0.5049,1.099495,2.897121,-0.5049,0.17348,2.658387,-0.550233,0.845873,1.561637,-0.550233,0.03705,0.03615,0.03553,0.036384,0.037378,0.038026,0.029994,0.030779,0.031722,0.024627,0.02521,0.026139,0.027926,0.029004,0.029881,-1.728839,14.427265,0.173319,12.865427,-0.002616,9.815858,0.001967,6.163368,-0.002113,7.016799
2023-11-09,387.55,407.0,387.55,404.25,1682098.0,95.22113,100.0,99.324324,104.309121,16.7,4.55192,19.45,0.681974,3.51634,1.100561,-0.125588,-1.787477,1.100561,0.318211,3.948003,1.072367,0.721593,-0.001245,1.072367,0.139083,3.227796,1.367136,0.995427,1.060932,1.367136,0.007975,2.536105,1.791703,1.063401,2.572993,1.791703,0.200507,2.675317,1.626504,0.821839,1.448637,1.626504,0.028712,0.028236,0.027259,0.036869,0.037606,0.038203,0.030191,0.030843,0.031785,0.02475,0.025241,0.026155,0.027981,0.029024,0.029899,1.126599,7.353271,0.235992,12.955622,0.006864,10.20048,0.005216,6.344839,-0.001615,7.112846
2023-11-10,403.9,412.5,401.15,403.25,689133.0,97.915152,100.685529,97.757576,100.523495,0.65,-0.247372,11.35,0.591652,3.537416,-0.237185,-0.002185,-1.948908,-0.237185,0.351309,3.939937,-0.151952,0.699627,-0.002455,-0.151952,0.117583,3.226696,-0.113105,1.017024,1.095804,-0.113105,-0.016974,2.526103,-0.091207,1.099124,2.701223,-0.091207,0.20168,2.675068,-0.167865,0.820801,1.448825,-0.167865,0.026084,0.024448,0.024282,0.036956,0.037746,0.038384,0.030227,0.030904,0.031861,0.024712,0.025266,0.02617,0.027873,0.028879,0.029773,0.797409,8.73893,0.20853,13.301076,0.007641,10.191177,0.006422,6.283025,-0.001784,7.109596
2023-11-13,405.9,406.5,401.55,403.45,205921.0,99.852399,101.083302,99.249692,100.473166,2.45,0.049597,4.95,1.373546,2.620793,-0.505171,0.485724,-2.776871,-0.505171,0.435068,3.913415,-0.0985,0.650104,0.017173,-0.0985,0.13294,3.224463,-0.025847,1.004625,1.086669,-0.025847,0.01933,2.500325,0.012105,1.118866,2.830603,0.012105,0.218188,2.663811,-0.063289,0.823532,1.48958,-0.063289,0.022853,0.021936,0.022139,0.036817,0.037615,0.038294,0.030203,0.030872,0.031848,0.02445,0.025038,0.025969,0.027809,0.02883,0.02973,-0.64646,4.659024,0.173006,13.553871,0.005434,10.18307,0.004301,6.173694,-0.002328,7.042351
2023-11-15,405.95,408.75,402.45,403.1,213220.0,99.314985,100.869673,98.617737,100.161511,2.85,-0.086752,6.3,0.595628,2.273734,-0.300114,1.919366,4.086131,-0.300114,0.533342,3.872127,-0.160143,0.601861,0.078244,-0.160143,0.108469,3.221331,-0.060602,1.030649,1.136715,-0.060602,0.01356,2.499893,-0.040126,1.126442,2.84548,-0.040126,0.226694,2.660087,-0.117833,0.819476,1.502602,-0.117833,0.017645,0.016417,0.017135,0.036665,0.037475,0.03819,0.030104,0.030747,0.031756,0.024406,0.024975,0.025898,0.027684,0.028674,0.029572,-0.209732,4.047917,0.126278,13.713491,0.007375,10.158103,0.004524,6.16992,-0.002676,7.016818
2023-11-16,405.75,411.9,403.15,404.45,360381.0,98.506919,100.644921,98.191309,100.322461,1.3,0.334904,8.75,0.92046,2.041267,-0.286859,2.175758,4.778796,-0.286859,0.48138,3.86722,-0.037876,0.648338,0.138037,-0.037876,0.125896,3.220127,0.064907,1.01507,1.119111,0.064907,0.024227,2.498956,0.124323,1.114938,2.834371,0.124323,0.226457,2.660075,0.040769,0.819756,1.502981,0.040769,0.017047,0.016053,0.01738,0.036718,0.037547,0.038258,0.030046,0.030694,0.031715,0.024339,0.024901,0.025811,0.027635,0.028608,0.029523,-0.827341,1.964431,0.136719,13.586108,0.006329,10.153493,0.004263,6.167193,-0.002636,7.017457
2023-11-17,405.05,410.4,402.8,408.7,449855.0,98.696394,100.55859,99.58577,101.464747,3.65,1.05081,7.6,0.220238,0.511131,1.624971,1.367715,1.772469,1.624971,0.560763,3.86151,0.126906,0.583943,0.096726,0.126906,0.150765,3.222418,0.279307,0.989313,1.073476,0.279307,0.071717,2.472485,0.395995,1.12824,2.944891,0.395995,0.23162,2.66067,0.307888,0.813478,1.49249,0.307888,0.011952,0.01357,0.015038,0.036597,0.037401,0.038083,0.030057,0.030708,0.031714,0.024189,0.024815,0.025726,0.027578,0.028531,0.029449,0.288167,0.042923,0.128777,13.614295,0.007725,10.163868,0.002617,6.046345,-0.002544,7.022193
2023-11-20,408.75,426.45,404.8,424.0,893599.0,95.849455,100.975791,99.42549,104.743083,15.25,3.743577,21.65,1.018427,1.585461,1.718837,1.846302,3.423224,1.718837,0.796518,3.906706,0.754359,0.39765,-0.187098,0.754359,0.222034,3.26224,1.079486,0.91364,0.813009,1.079486,0.08185,2.485533,1.473216,1.118703,2.83707,1.473216,0.255597,2.670635,1.306049,0.789307,1.410927,1.306049,0.016808,0.016562,0.017026,0.037139,0.03781,0.03846,0.030307,0.03088,0.031843,0.024338,0.024948,0.025839,0.027636,0.028569,0.029485,0.852552,0.557259,0.150052,13.750595,0.016251,10.37437,0.006409,6.081864,-0.002214,7.080298
2023-11-21,424.0,425.0,415.8,420.4,756683.0,99.764706,101.972102,98.917647,101.106301,3.6,-0.849057,9.2,0.838697,1.763668,-0.956956,1.427427,2.350961,-0.956956,0.770416,3.91634,-0.413517,0.413982,-0.20493,-0.413517,0.197603,3.265662,-0.320505,0.933397,0.826438,-0.320505,0.069261,2.487042,-0.369241,1.131598,2.846585,-0.369241,0.249977,2.671777,-0.411349,0.79431,1.410258,-0.411349,0.017499,0.017447,0.017709,0.037075,0.037708,0.038343,0.030344,0.030923,0.031873,0.024347,0.024956,0.025836,0.027634,0.028565,0.029477,0.188406,2.417425,0.108803,14.177213,0.014099,10.409866,0.006055,6.092975,-0.002376,7.083888
2023-11-22,420.95,420.95,406.5,414.0,595405.0,100.0,103.554736,98.348973,101.845018,6.95,-1.52236,14.45,0.551575,2.046218,-1.013545,1.019792,1.000212,-1.013545,0.962241,3.687601,-0.673771,0.576813,-0.008547,-0.673771,0.087822,3.228421,-0.498752,1.035336,1.119099,-0.498752,0.065045,2.489402,-0.637665,1.131944,2.833334,-0.637665,0.258995,2.662674,-0.66901,0.80302,1.444501,-0.66901,0.019412,0.019614,0.020122,0.031441,0.030683,0.030675,0.030019,0.030585,0.031607,0.024414,0.02503,0.025927,0.027495,0.028421,0.029361,-0.561439,2.719178,-0.020729,12.904193,0.019282,10.136819,0.0044,6.119015,-0.003179,7.020694
2023-11-23,415.25,419.5,409.7,418.15,363761.0,98.986889,101.35465,99.678188,102.062485,2.9,1.002415,9.8,0.685077,2.050319,0.154775,0.692467,0.262824,0.154775,1.258642,3.417812,-0.074968,0.733607,0.232722,-0.074968,0.122885,3.228648,0.272414,1.002034,1.069897,0.272414,0.068942,2.490572,0.374803,1.126,2.815038,0.374803,0.251247,2.658219,0.282583,0.812749,1.481458,0.282583,0.019593,0.019787,0.020029,0.028674,0.027632,0.027711,0.029925,0.030494,0.031506,0.024435,0.025061,0.025956,0.027437,0.028355,0.029308,-0.536273,2.78787,-0.113121,10.671891,0.019381,10.137463,0.005289,6.117609,-0.002723,7.006092
2023-11-24,419.15,423.0,413.1,414.85,189002.0,99.089835,101.464536,98.073286,100.423626,4.3,-0.78919,9.9,0.317077,2.131772,-0.518943,1.350016,1.252385,-0.518943,1.41821,3.229653,-0.683479,0.93935,0.45354,-0.683479,0.058242,3.213569,-0.263705,1.07059,1.235078,-0.263705,0.049863,2.489757,-0.337002,1.149371,2.858903,-0.337002,0.253937,2.656886,-0.392613,0.811665,1.486669,-0.392613,0.019979,0.020265,0.020513,0.027394,0.026164,0.026367,0.029762,0.030288,0.031301,0.024432,0.02505,0.025936,0.027202,0.02805,0.029041,-0.721406,2.594709,-0.2251,8.224357,0.022916,10.011123,0.005416,6.112461,-0.003116,6.991387
2023-11-28,414.0,419.5,410.25,411.55,183107.0,98.688915,100.914077,98.104887,100.31688,2.45,-0.795468,9.25,-0.590732,0.942614,-0.217201,1.592662,3.404989,-0.217201,1.039038,3.003271,-0.610836,1.233702,1.721545,-0.610836,0.099711,3.188305,-0.28077,1.071638,1.29919,-0.28077,0.058011,2.485598,-0.34337,1.147779,2.881101,-0.34337,0.262196,2.651008,-0.398967,0.81269,1.511153,-0.398967,0.015466,0.017026,0.017823,0.026013,0.025461,0.025596,0.029482,0.030048,0.03108,0.024416,0.025045,0.025939,0.027142,0.02799,0.028991,0.084035,0.696693,-0.171938,7.5857,0.013739,9.922671,0.003907,6.103696,-0.00368,6.947572
2023-11-29,411.95,414.9,406.55,407.7,139048.0,99.288985,101.32825,98.264642,100.282868,4.25,-0.935488,8.35,-0.608018,0.949304,-0.344958,1.638722,3.449878,-0.344958,0.973742,3.032626,-0.629563,1.25449,1.663253,-0.629563,0.121879,3.176929,-0.332827,1.067179,1.3267,-0.332827,0.054029,2.486881,-0.397895,1.150391,2.876686,-0.397895,0.251678,2.651569,-0.447722,0.823525,1.520681,-0.447722,0.015312,0.016752,0.017461,0.025651,0.024908,0.025042,0.029307,0.029862,0.030918,0.02441,0.025039,0.025925,0.027123,0.02796,0.028954,-0.062414,0.713152,-0.210702,7.260829,0.006054,9.883391,0.002956,6.115446,-0.003722,6.949489
2023-11-30,409.7,440.8,404.6,430.85,970224.0,92.944646,101.260504,97.74274,106.487889,21.15,5.678195,36.2,0.832093,2.824693,1.715621,1.843536,3.294286,1.715621,0.955024,3.000615,1.574067,1.257666,1.770863,1.574067,0.206435,3.267969,1.674361,1.002635,0.918734,1.674361,0.10968,2.54969,2.183997,1.111249,2.459848,2.183997,0.280542,2.679058,2.014758,0.807978,1.387053,2.014758,0.026003,0.026807,0.026147,0.026342,0.026199,0.026108,0.030053,0.030566,0.031494,0.024925,0.025542,0.026372,0.027341,0.028166,0.029137,0.920526,4.688377,-0.063304,8.420259,0.022381,10.361715,0.006333,6.402488,-0.002964,7.112178
2023-12-01,437.5,438.5,421.65,430.15,665159.0,99.77195,103.759042,98.095781,102.01589,7.35,-0.16247,16.85,0.599116,2.85501,-0.266754,2.176873,4.772165,-0.266754,0.951773,3.00185,-0.371185,1.259227,1.769152,-0.371185,0.029371,3.030075,-0.063312,0.973916,1.17603,-0.063312,0.115333,2.548441,-0.109009,1.106447,2.460365,-0.109009,0.251689,2.652333,-0.156149,0.824454,1.520001,-0.156149,0.027324,0.028246,0.028596,0.026428,0.026239,0.026405,0.029076,0.029494,0.030289,0.025014,0.025657,0.026527,0.026823,0.027547,0.028405,0.77271,5.326701,-0.095886,8.254845,0.042291,8.625271,0.005664,6.402874,-0.002227,6.983162
2023-12-04,436.05,439.1,425.55,432.55,2427189.0,99.305397,102.467395,98.508312,101.64493,3.5,0.557945,13.55,0.868543,2.752983,-0.112822,1.990125,4.06743,-0.112822,0.521958,2.298636,0.015656,0.777958,0.616433,0.015656,0.043529,3.030874,0.169725,0.958664,1.151862,0.169725,0.099047,2.540262,0.18065,1.131263,2.557449,0.18065,0.243625,2.648918,0.11866,0.834949,1.552479,0.11866,0.027875,0.029038,0.029984,0.023148,0.023639,0.023892,0.028966,0.029395,0.030127,0.025041,0.025724,0.02662,0.026791,0.027509,0.028379,0.347984,5.820947,0.028,4.99347,0.043095,8.615711,0.007182,6.345416,-0.001892,6.969751
2023-12-05,433.0,440.0,428.05,434.8,740229.0,98.409091,101.156407,98.818182,101.576919,1.8,0.520171,11.95,1.131671,2.613519,-0.233976,1.927057,4.018913,-0.233976,0.537755,2.297422,-0.007654,0.756426,0.599102,-0.007654,0.043302,3.030837,0.157339,0.958928,1.152385,0.157339,0.11204,2.539047,0.160742,1.117694,2.544135,0.160742,0.247806,2.64869,0.10283,0.830435,1.548687,0.10283,0.02821,0.029507,0.030227,0.022349,0.022542,0.022963,0.028544,0.028817,0.029545,0.02505,0.025741,0.026633,0.026801,0.027523,0.028384,-0.220893,5.366796,0.022958,4.996717,0.045412,8.572792,0.0069,6.342618,-0.001935,6.968
2023-12-06,434.8,436.9,421.1,422.95,358484.0,99.519341,103.253384,96.80705,100.439326,11.85,-2.725391,15.8,0.77369,3.05307,-1.146086,1.087637,2.492007,-1.146086,0.594479,2.194844,-1.512576,1.059551,0.476601,-1.512576,0.061898,3.010466,-0.925866,0.982105,1.208561,-0.925866,0.112834,2.538138,-1.118231,1.119181,2.5488,-1.118231,0.239463,2.655439,-1.116521,0.827117,1.520538,-1.116521,0.029392,0.030238,0.030869,0.021948,0.022252,0.022684,0.028448,0.028794,0.029511,0.024943,0.025626,0.026527,0.026793,0.02749,0.028356,-1.612453,2.25698,-0.093094,4.288312,0.02984,8.696217,0.003447,6.367822,-0.002576,6.993989
2023-12-07,422.95,426.5,413.45,416.3,250213.0,99.167644,102.297739,97.608441,100.689322,6.65,-1.57229,13.05,-0.676407,1.43357,-0.624931,-0.790812,-1.278308,-0.624931,0.325722,2.108707,-0.900084,1.352614,1.585154,-0.900084,0.068867,3.006182,-0.545927,0.981747,1.221435,-0.545927,0.085312,2.54137,-0.652248,1.144302,2.572764,-0.652248,0.228843,2.65843,-0.677517,0.83482,1.514656,-0.677517,0.020096,0.021282,0.022887,0.021025,0.021364,0.021808,0.02838,0.02876,0.02944,0.024938,0.025603,0.026467,0.026788,0.027474,0.028328,-0.610298,0.899173,-0.07339,4.045224,0.021139,8.763329,0.003092,6.386005,-0.002799,7.0058
2023-12-08,417.0,420.9,411.55,417.1,230742.0,99.073414,101.324262,99.097173,101.34856,0.1,0.192169,9.35,-0.605479,1.47357,0.541303,-0.901391,-1.395461,0.541303,0.399793,2.074738,-0.100073,1.328653,1.657682,-0.100073,0.084388,3.004746,0.03587,0.967233,1.207961,0.03587,0.067459,2.534204,0.049211,1.171313,2.667834,0.049211,0.229449,2.658407,-0.014023,0.834151,1.514032,-0.014023,0.018152,0.019288,0.01947,0.02092,0.021325,0.021769,0.0284,0.028813,0.029461,0.024936,0.025609,0.026458,0.026583,0.027196,0.028001,-0.282401,1.577626,-0.100797,3.751486,0.019831,8.766034,0.004303,6.342542,-0.002828,7.005132
2023-12-11,417.15,419.4,410.0,411.25,209245.0,99.463519,101.743902,98.056748,100.304878,5.9,-1.402541,9.4,-0.997576,1.341518,-0.301871,-0.040395,-1.686639,-0.301871,0.10207,1.864088,-0.807157,1.669917,3.827537,-0.807157,-0.00435,2.981272,-0.468991,1.060071,1.458467,-0.468991,0.070836,2.531995,-0.581904,1.172033,2.679874,-0.581904,0.209786,2.655848,-0.607086,0.854523,1.554939,-0.607086,0.017196,0.017734,0.016872,0.020092,0.020932,0.021335,0.02832,0.028772,0.029413,0.024945,0.025609,0.026439,0.02655,0.027164,0.027972,-0.092786,1.422519,-0.060985,3.17742,0.023556,8.594665,0.002334,6.34235,-0.002725,6.993509
2023-12-12,413.95,413.95,395.55,403.0,878558.0,100.0,104.651751,97.354753,101.883453,10.95,-2.006079,18.4,-1.502826,1.076548,-0.467469,0.973693,1.820446,-0.467469,0.014135,1.922022,-1.051088,1.59922,3.427458,-1.051088,-0.15966,2.875268,-0.642173,1.172243,2.071233,-0.642173,0.066209,2.535395,-0.817343,1.169904,2.660907,-0.817343,0.196218,2.66022,-0.827863,0.862806,1.545052,-0.827863,0.019752,0.019779,0.019848,0.020662,0.021366,0.021833,0.028078,0.028732,0.02941,0.025055,0.025718,0.026568,0.0266,0.027207,0.028025,0.160837,0.875427,-0.096619,3.199063,0.032962,7.875563,0.000122,6.363935,-0.002981,7.011773
2023-12-13,405.0,412.0,399.1,405.25,391861.0,98.300971,101.478326,98.36165,101.540967,0.25,0.558313,12.9,-0.846086,1.143777,1.22786,0.493712,-2.714499,1.22786,0.039571,1.925878,0.269353,1.546924,3.269898,0.269353,-0.121995,2.872025,0.236874,1.136986,2.028629,0.236874,0.044553,2.521677,0.203737,1.203402,2.816488,0.203737,0.21169,2.653239,0.130641,0.857519,1.56712,0.130641,0.019112,0.020389,0.020437,0.021035,0.021881,0.022241,0.027962,0.028683,0.029285,0.025077,0.025771,0.026595,0.026556,0.027173,0.027989,0.206296,0.961466,-0.088285,3.264397,0.031797,7.872999,0.002025,6.291852,-0.003339,6.967327
2023-12-14,410.3,422.5,408.05,415.2,668996.0,97.112426,100.551403,98.272189,101.752236,4.9,2.455275,14.45,-0.040573,1.757858,1.419823,0.433789,-0.49876,1.419823,0.166672,1.999575,1.144545,1.273058,2.040953,1.144545,-0.068338,2.894982,0.87172,1.067224,1.791271,0.87172,0.06873,2.533174,0.942116,1.166757,2.67178,0.942116,0.196804,2.632068,0.85806,0.859049,1.659534,0.85806,0.019569,0.021184,0.022121,0.021446,0.022389,0.022857,0.028051,0.028789,0.029445,0.025143,0.02585,0.026696,0.026426,0.027073,0.027903,0.648706,1.630412,-0.05577,3.694969,0.037603,7.918838,0.003453,6.342865,-0.002217,6.876765
2023-12-15,419.95,419.95,412.6,414.2,349807.0,100.0,101.781386,98.630789,100.387785,5.75,-0.240848,7.35,-0.127176,1.754188,-0.0648,0.682022,-0.105065,-0.0648,0.137884,2.001169,-0.189255,1.317444,2.115252,-0.189255,-0.032096,2.880939,-0.07246,1.050538,1.825535,-0.07246,0.054069,2.530654,-0.116538,1.186979,2.722739,-0.116538,0.185011,2.6287,-0.162004,0.873946,1.6981,-0.162004,0.01921,0.020366,0.022031,0.021383,0.022227,0.022765,0.02793,0.028684,0.029389,0.025137,0.025834,0.026705,0.02638,0.027013,0.027863,0.678474,1.541086,-0.058935,3.688956,0.032337,7.916049,0.00397,6.327034,-0.001992,6.86228
2023-12-18,415.45,416.2,405.55,406.25,339875.0,99.819798,102.441129,97.609322,100.172605,9.2,-1.919363,10.65,-0.23054,1.860152,-0.907895,0.611825,-0.639903,-0.907895,-0.010624,2.039693,-0.935797,1.4221,2.239797,-0.935797,-0.049291,2.889749,-0.64714,1.054588,1.79544,-0.64714,0.03154,2.538158,-0.76863,1.198796,2.702001,-0.76863,0.178516,2.632302,-0.796975,0.875391,1.683035,-0.796975,0.019505,0.020187,0.021942,0.021519,0.022226,0.022789,0.027883,0.02857,0.029295,0.025129,0.025786,0.026646,0.02636,0.026974,0.027827,-0.062573,2.7603,-0.07391,3.770698,0.02538,8.049493,0.002967,6.370487,-0.002428,6.874718
2023-12-19,407.95,408.3,402.35,404.35,235757.0,99.914279,101.391823,99.032574,100.49708,3.6,-0.467692,5.95,0.077137,1.602423,-0.340003,0.547751,1.104839,-0.340003,-0.221188,1.839261,-0.134024,1.824678,4.871697,-0.134024,-0.041698,2.888107,-0.1475,1.048555,1.794653,-0.1475,0.042005,2.533874,-0.201154,1.194504,2.719164,-0.201154,0.187762,2.626735,-0.249532,0.874579,1.706411,-0.249532,0.015712,0.016486,0.018034,0.020445,0.021352,0.02202,0.02787,0.028549,0.029284,0.025064,0.025727,0.026589,0.026313,0.026927,0.027785,-0.642665,1.228171,-0.021162,3.198848,0.022441,8.069466,0.001733,6.353807,-0.0029,6.837194
2023-12-20,407.9,411.8,398.15,404.2,724352.0,99.052938,102.448826,98.154444,101.519528,3.7,-0.037097,13.65,-0.041945,1.579687,0.003069,0.937618,2.307178,0.003069,-0.18059,1.833626,0.078256,1.770146,4.776901,0.078256,-0.011342,2.879843,-0.008943,1.027751,1.802619,-0.008943,0.031635,2.532035,-0.027145,1.209089,2.756367,-0.027145,0.196407,2.623114,-0.089018,0.870312,1.719333,-0.089018,0.015995,0.016669,0.018539,0.020733,0.021729,0.0224,0.027942,0.028686,0.029416,0.02513,0.025812,0.026668,0.026301,0.026926,0.027788,-0.521159,1.453117,-0.028446,3.167168,0.018746,8.054442,0.002267,6.342806,-0.003229,6.811579
2023-12-21,399.0,410.85,391.2,403.8,713570.0,97.115736,101.993865,98.284045,103.220859,4.8,-0.098961,19.65,-0.552792,0.78166,0.580599,-1.998322,4.088679,0.580599,-0.10942,1.806225,0.00579,1.744501,4.918703,0.00579,0.048169,2.845794,-0.051701,1.026234,1.918934,-0.051701,0.028665,2.532012,-0.050405,1.212708,2.762494,-0.050405,0.181101,2.615815,-0.107065,0.889342,1.787298,-0.107065,0.018486,0.019919,0.020958,0.021241,0.022456,0.02303,0.028134,0.029016,0.029731,0.025283,0.026011,0.026859,0.026217,0.026837,0.027684,0.216604,0.39496,-0.048466,3.021222,0.011038,7.911202,0.00229,6.342602,-0.002856,6.781091
2023-12-22,406.3,408.0,400.5,401.9,216412.0,99.583333,101.44819,98.504902,100.349563,4.4,-0.47053,7.5,-0.598728,0.765323,0.167509,-1.856182,3.674973,0.167509,-0.183067,1.788446,-0.160733,1.919859,5.626069,-0.160733,0.124093,2.778164,-0.214034,1.097104,2.165759,-0.214034,0.034953,2.529962,-0.199798,1.208884,2.768531,-0.199798,0.150643,2.587465,-0.24007,0.907315,1.94418,-0.24007,0.018549,0.020138,0.020667,0.021149,0.022306,0.02289,0.027855,0.028684,0.029287,0.02527,0.026006,0.026855,0.025961,0.026567,0.027399,0.32664,0.255189,-0.036069,2.995354,-0.000749,7.563713,0.00131,6.335272,-0.002133,6.646336
2023-12-26,404.9,409.75,401.45,408.35,307464.0,98.816351,100.859385,99.658328,101.718769,3.45,1.604877,8.3,0.106119,0.861775,1.739151,1.936431,3.936871,1.739151,-0.063364,1.825478,0.913865,1.643552,4.402316,0.913865,0.15567,2.785988,0.520177,1.055658,2.054851,0.520177,0.055123,2.534398,0.611488,1.18069,2.689629,0.611488,0.115603,2.518834,0.591255,0.834185,1.897658,0.591255,0.01805,0.020333,0.02107,0.021089,0.022241,0.022889,0.027854,0.028688,0.029272,0.025288,0.026026,0.026885,0.025198,0.025732,0.02655,0.37117,0.31859,-0.020098,3.152321,0.002495,7.605199,0.001972,6.355704,-0.00064,6.311438
2023-12-27,407.2,417.0,405.3,414.5,435529.0,97.64988,100.468789,99.40048,102.269924,7.3,1.506061,11.7,0.50087,0.977505,1.028323,0.478715,-3.057421,1.028323,0.051713,1.849286,0.786438,1.412554,3.570648,0.786438,0.203978,2.788085,0.467017,1.002727,1.962416,0.467017,0.066923,2.538416,0.566943,1.162774,2.631596,0.566943,0.156766,2.473314,0.545541,0.939022,1.903451,0.545541,0.019201,0.02132,0.02186,0.021222,0.022295,0.022904,0.027904,0.028725,0.029306,0.025337,0.026068,0.02692,0.025045,0.025662,0.026469,0.479015,0.305501,-0.009237,3.246027,0.003064,7.615993,0.002998,6.371633,-0.001464,6.079553
2023-12-28,414.6,425.0,409.45,422.4,529649.0,97.552941,101.257785,99.388235,103.162779,7.8,1.905911,15.55,0.889472,1.089924,0.932578,-0.589062,-2.818694,0.932578,0.193783,1.878368,0.911497,1.160071,2.722815,0.911497,0.274608,2.785521,0.585636,0.937116,1.872847,0.585636,0.102857,2.538764,0.710209,1.126283,2.561295,0.710209,0.164353,2.476354,0.703275,0.928069,1.86882,0.703275,0.019671,0.021434,0.021651,0.021633,0.022734,0.023293,0.02799,0.02883,0.029399,0.025349,0.0261,0.026939,0.024979,0.025559,0.026382,0.598633,0.233624,0.001664,3.351762,0.002588,7.60255,0.003027,6.373234,-0.001168,6.097122
2023-12-29,422.4,428.0,416.0,424.15,478348.0,98.691589,101.538462,99.100467,101.959135,1.75,0.414299,12.0,0.992124,0.993459,-0.581629,-0.932014,-0.818566,-0.581629,-0.069412,1.369239,0.35327,-0.113764,-0.369735,0.35327,0.323939,2.765239,0.032677,0.914801,1.938549,0.032677,0.093904,2.536043,0.126337,1.139629,2.601734,0.126337,0.148465,2.464418,0.107869,0.947506,1.970024,0.107869,0.016493,0.017602,0.017491,0.018712,0.020052,0.020879,0.027984,0.02886,0.02942,0.025078,0.025734,0.02654,0.024957,0.025551,0.026359,0.207069,0.703813,0.09141,1.503243,-0.002782,7.492005,0.003943,6.354239,-0.000614,6.041732
2024-01-01,424.15,426.75,417.55,420.15,148288.0,99.390744,101.580649,98.453427,100.62268,4.0,-0.943063,9.2,0.897617,1.173539,-1.568486,-1.223348,0.537799,-1.568486,-0.108442,1.383087,-0.603448,-0.031012,-0.494156,-0.603448,0.277595,2.766696,-0.441197,0.962504,1.99636,-0.441197,0.081336,2.538056,-0.403615,1.151369,2.607578,-0.403615,0.140686,2.4654,-0.439583,0.955461,1.974469,-0.439583,0.016777,0.018031,0.017653,0.018194,0.019478,0.019938,0.028013,0.02889,0.029415,0.025078,0.025728,0.026535,0.024914,0.025493,0.026296,-0.618764,0.336017,0.07746,1.617779,-0.003191,7.499395,0.003461,6.36733,-0.000707,6.046142
2024-01-02,419.7,423.3,412.75,421.1,171802.0,99.149539,101.683828,99.480274,102.023016,1.4,0.22611,10.55,0.621864,1.126863,-0.3512,-0.318865,-0.748857,-0.3512,-0.125033,1.376647,0.255071,0.002933,-0.441516,0.255071,0.292854,2.764216,-0.024146,0.94839,1.991909,-0.024146,0.090978,2.536742,0.05327,1.141871,2.601107,0.05327,0.14345,2.465184,0.033531,0.95235,1.971863,0.033531,0.017239,0.018752,0.018254,0.018022,0.019282,0.01956,0.027987,0.028873,0.029391,0.025094,0.025769,0.026562,0.024917,0.025497,0.026302,-0.540888,0.430737,0.092762,1.514293,-0.005307,7.482205,0.00305,6.362958,-0.000765,6.044795
2024-01-03,421.9,427.8,418.55,420.6,272045.0,98.620851,100.800382,98.316971,100.489786,1.3,-0.118737,9.25,0.296904,1.038986,-0.400044,0.813047,1.757575,-0.400044,-0.156979,1.368275,0.027949,0.074695,-0.364442,0.027949,0.309909,2.758881,-0.15537,0.936559,2.005732,-0.15537,0.094832,2.536121,-0.084211,1.138185,2.599432,-0.084211,0.136672,2.464025,-0.103655,0.96158,1.991853,-0.103655,0.01653,0.018496,0.018158,0.017881,0.019103,0.019456,0.027984,0.028877,0.029402,0.0251,0.025787,0.026572,0.024846,0.025408,0.026213,-0.423748,0.504469,0.103039,1.42555,-0.009372,7.440904,0.002565,6.362112,-0.000639,6.039702
2024-01-04,420.6,425.1,418.1,421.4,221318.0,98.941426,100.597943,99.129617,100.789285,0.8,0.190204,7.0,-0.046237,0.536592,0.440636,-1.592754,2.56235,0.440636,-0.011199,1.228394,0.163957,0.241555,-0.290175,0.163957,0.320254,2.757413,-0.047164,0.926592,2.00156,-0.047164,0.090654,2.535611,0.039261,1.143831,2.611828,0.039261,0.147854,2.459139,0.017222,0.957094,2.010907,0.017222,0.013889,0.01604,0.015837,0.017327,0.018777,0.019145,0.027924,0.028797,0.029309,0.025109,0.0258,0.026576,0.024806,0.025376,0.026183,0.037614,0.227515,0.067445,1.282257,-0.011213,7.425076,0.002932,6.357867,-0.00096,6.014055
2024-01-05,424.7,436.85,411.1,412.85,615565.0,97.218725,103.308198,94.506123,100.425687,11.85,-2.028951,25.75,-0.534887,0.958761,-1.558328,-1.186247,0.361813,-1.558328,-0.034032,1.262704,-1.579879,0.154565,-0.315792,-1.579879,0.386852,2.65579,-0.909636,1.151857,2.245565,-0.909636,0.068979,2.544447,-0.824513,1.152076,2.578582,-0.824513,0.163634,2.434753,-0.900537,1.016207,2.073545,-0.900537,0.02002,0.022022,0.022662,0.018692,0.020251,0.020797,0.025361,0.025647,0.025873,0.025357,0.026074,0.02686,0.024764,0.025388,0.026212,-0.220768,0.637901,0.013971,1.508209,-0.030649,6.716537,0.001702,6.407052,-0.002089,5.883838
2024-01-08,412.95,414.6,404.35,407.4,420296.0,99.602026,102.12687,98.263386,100.754297,5.55,-1.320092,10.25,-0.610293,1.012225,-0.701226,-0.801869,-1.733654,-0.701226,-0.109645,1.293352,-0.935899,0.281136,-0.487036,-0.935899,0.458962,2.555663,-0.696123,1.389027,2.547623,-0.696123,0.052383,2.548074,-0.538632,1.165419,2.578644,-0.538632,0.167098,2.432132,-0.611476,1.017665,2.087116,-0.611476,0.020292,0.022202,0.022849,0.01875,0.020239,0.020791,0.024024,0.024212,0.024477,0.025389,0.026104,0.026877,0.024661,0.025288,0.026105,-0.500262,0.319156,-0.00083,1.589099,-0.047675,5.927448,0.001041,6.426852,-0.002638,5.862484
2024-01-09,410.0,411.1,400.0,401.55,473243.0,99.732425,102.5,97.676964,100.3875,8.45,-1.435935,11.1,-0.942702,0.939153,-0.525189,0.28069,-2.247681,-0.525189,-0.111315,1.295129,-1.022771,0.279653,-0.494284,-1.022771,0.509855,2.489943,-0.78146,1.549186,2.812439,-0.78146,0.035643,2.552337,-0.576561,1.17762,2.573981,-0.576561,0.175447,2.423691,-0.664846,1.028925,2.128221,-0.664846,0.02049,0.021714,0.022388,0.018863,0.020274,0.020878,0.023447,0.023537,0.023881,0.02543,0.026128,0.026906,0.024577,0.025208,0.026032,-0.414469,0.362037,-0.040191,1.539783,-0.063006,5.249118,0.000269,6.44922,-0.003371,5.807028
2024-01-10,402.7,404.7,391.2,392.65,460845.0,99.505807,102.939673,97.022486,100.370654,10.05,-2.216411,13.5,-1.362237,0.94755,-0.901456,1.381903,2.138509,-0.901456,-0.121832,1.312068,-1.596396,0.230277,-0.475416,-1.596396,0.329767,2.348196,-1.084313,1.647608,3.770887,-1.084313,0.040857,2.547141,-0.886197,1.184757,2.601709,-0.886197,0.162111,2.4295,-0.979018,1.033346,2.106747,-0.979018,0.021643,0.022141,0.022674,0.01842,0.01974,0.020202,0.022912,0.023267,0.023568,0.025421,0.026135,0.02691,0.024547,0.025146,0.02596,-0.422022,0.362076,-0.100181,1.301742,-0.054046,4.795457,-0.002749,6.41675,-0.003687,5.827654
2024-01-11,395.3,402.9,395.05,398.0,265957.0,98.113676,100.063283,98.783817,100.746741,2.7,1.362537,7.85,-1.127771,1.44316,1.725593,1.855583,3.680962,1.725593,-0.08162,1.345897,1.073007,0.184628,-0.70447,1.073007,0.349609,2.352734,0.430532,1.613535,3.658626,0.430532,0.044329,2.548719,0.517204,1.179251,2.581468,0.517204,0.174658,2.429186,0.489003,1.019502,2.087628,0.489003,0.021828,0.022317,0.023268,0.018112,0.019317,0.019947,0.022744,0.023031,0.023373,0.025437,0.026156,0.026942,0.024449,0.025017,0.025831,0.588666,0.973115,-0.068237,1.566048,-0.051516,4.871971,-0.001374,6.429435,-0.003705,5.825689
2024-01-12,398.0,405.9,396.0,403.4,263706.0,98.053708,100.505051,99.384085,101.868687,5.4,1.356784,9.9,-0.450624,1.688127,1.070658,0.411016,-2.964503,1.070658,-0.136545,1.256356,1.188619,-0.020906,-0.902875,1.188619,0.255694,2.209822,0.498271,1.716778,4.892657,0.498271,0.090598,2.529869,0.500495,1.174431,2.630054,0.500495,0.185477,2.42961,0.482097,1.006394,2.065782,0.482097,0.015943,0.01542,0.015724,0.01781,0.018903,0.01933,0.02198,0.022531,0.022853,0.025297,0.026107,0.026855,0.024374,0.024917,0.025739,0.815222,0.950644,-0.007632,1.497572,-0.03518,4.527909,-0.002603,6.330591,-0.003676,5.828441
2024-01-15,403.4,419.65,403.4,417.4,728571.0,96.127725,100.0,99.463839,103.470501,14.0,3.470501,16.25,0.507495,2.31454,1.280171,-0.010065,-1.57765,1.280171,0.049023,1.492109,2.293049,0.396885,-0.118666,2.293049,0.327053,2.255324,1.39379,1.577691,4.13138,1.39379,0.129907,2.551666,1.309181,1.121485,2.396533,1.309181,0.19266,2.437214,1.344913,0.998287,2.005608,1.344913,0.01793,0.015978,0.016369,0.018431,0.019228,0.019497,0.022025,0.022405,0.022729,0.025362,0.026111,0.026869,0.0244,0.024917,0.025736,1.338607,0.70194,0.042251,2.055713,-0.02848,4.815839,-0.000929,6.445172,-0.002907,5.882137
2024-01-16,418.1,418.7,408.0,410.15,271604.0,99.856699,102.47549,97.957965,100.526961,7.95,-1.736943,10.7,0.447293,2.380695,-0.917478,-0.005254,-1.850712,-0.917478,0.058144,1.479951,-1.212937,0.421021,-0.090864,-1.212937,0.109229,1.880113,-0.981947,0.85876,1.13812,-0.981947,0.131435,2.55049,-0.732557,1.122279,2.402726,-0.732557,0.161301,2.42136,-0.783958,1.02543,2.140897,-0.783958,0.01777,0.015888,0.016087,0.01843,0.019294,0.019546,0.02044,0.021086,0.02138,0.025245,0.025933,0.02667,0.024323,0.024867,0.025687,0.30669,4.34605,-0.014343,2.073902,-0.011719,3.435526,-0.003262,6.431083,-0.002541,5.812154
2024-01-17,407.5,408.5,402.85,405.3,150207.0,99.755202,101.154276,99.216646,100.608167,2.2,-1.182494,5.65,0.654077,2.122376,-0.865337,0.138552,-1.378803,-0.865337,0.022403,1.501788,-0.802309,0.451805,-0.206073,-0.802309,0.081494,1.88889,-0.66917,0.885931,1.11822,-0.66917,0.109912,2.552424,-0.506345,1.143773,2.426431,-0.506345,0.164764,2.418927,-0.556965,1.026348,2.153678,-0.556965,0.015708,0.014276,0.014879,0.018419,0.019304,0.019582,0.01998,0.02046,0.020876,0.025216,0.025901,0.026639,0.024253,0.024791,0.025622,-0.818379,2.264097,-0.040369,2.088413,-0.014526,3.452607,-0.003534,6.439312,-0.003048,5.79098
2024-01-18,404.4,404.4,393.0,397.65,350861.0,100.0,102.900763,98.330861,101.183206,6.75,-1.887491,11.4,0.004071,2.337896,-0.809087,0.991663,-0.815456,-0.809087,-0.070116,1.561459,-1.163895,0.492702,-0.410095,-1.163895,0.120942,1.824393,-1.100877,1.103294,1.183043,-1.100877,0.091838,2.560171,-0.773124,1.150144,2.397407,-0.773124,0.15314,2.423193,-0.842125,1.032382,2.139895,-0.842125,0.016667,0.015117,0.015374,0.018263,0.018995,0.019298,0.019703,0.020291,0.020738,0.02525,0.025926,0.026672,0.024253,0.02478,0.025609,-1.114154,1.889928,-0.068593,2.159807,-0.028811,3.088977,-0.004836,6.469442,-0.003314,5.805908
2024-01-19,400.15,402.0,392.0,392.7,296281.0,99.539801,102.079082,97.686567,100.178571,7.45,-1.244813,10.0,-0.516248,2.249403,-0.323893,2.133797,4.638759,-0.323893,-0.127409,1.58344,-0.705682,0.569254,-0.467391,-0.705682,0.019989,1.754827,-0.720756,1.213379,1.761229,-0.720756,0.046279,2.542782,-0.507748,1.206341,2.61036,-0.507748,0.149093,2.424857,-0.574841,1.034417,2.133264,-0.574841,0.016721,0.014757,0.015362,0.017368,0.01768,0.018026,0.019234,0.019803,0.020295,0.025168,0.02586,0.02661,0.024249,0.024764,0.025594,-0.958118,2.211873,-0.085829,2.136975,-0.023008,2.90759,-0.003679,6.389807,-0.003611,5.807068
2024-01-23,406.0,410.75,393.0,396.3,315686.0,98.843579,103.307888,96.482045,100.839695,9.7,0.91673,17.75,-1.027002,1.128514,1.722383,1.836472,3.621416,1.722383,-0.058046,1.597937,0.610022,0.426007,-0.671235,0.610022,0.064109,1.74896,0.487502,1.158565,1.69122,0.487502,0.051827,2.544083,0.339966,1.198208,2.587935,0.339966,0.133271,2.409347,0.325175,1.052525,2.259176,0.325175,0.017546,0.017369,0.022975,0.018183,0.018541,0.020162,0.019458,0.020036,0.021032,0.025281,0.025969,0.02691,0.024216,0.024759,0.02569,0.524503,0.468628,-0.076331,2.232004,-0.024104,2.876688,-0.002971,6.400282,-0.002904,5.747825
2024-01-24,397.5,397.9,385.3,394.75,829898.0,99.899472,103.166364,99.208344,102.452634,2.75,-0.391118,12.6,-0.757837,1.076134,0.340775,1.040291,0.946608,0.340775,-0.157846,1.55023,-0.150476,0.6087,-0.237589,-0.150476,-0.034752,1.62545,-0.219241,1.185658,2.301198,-0.219241,0.052166,2.544021,-0.174245,1.197902,2.58782,-0.174245,0.112956,2.396454,-0.210341,1.078897,2.386534,-0.210341,0.018281,0.019052,0.02506,0.018487,0.018964,0.020709,0.019204,0.02003,0.021092,0.025301,0.026005,0.02697,0.024186,0.02474,0.025683,0.438697,0.54154,-0.054832,2.183084,-0.014185,2.547345,-0.003523,6.396984,-0.002448,5.694295
2024-01-25,396.75,396.75,384.0,385.8,376730.0,100.0,103.320312,97.240076,100.46875,10.95,-2.267258,12.75,-0.97479,1.274258,-1.014291,0.811037,-0.221347,-1.014291,-0.346512,1.566595,-1.226064,0.780469,0.116817,-1.226064,-0.07515,1.655662,-1.324007,1.14612,2.104627,-1.324007,0.021217,2.5533,-0.896281,1.213982,2.573253,-0.896281,0.112726,2.396681,-0.993033,1.078598,2.385273,-0.993033,0.019929,0.019799,0.025574,0.018612,0.018895,0.02071,0.019258,0.019951,0.02101,0.025343,0.02601,0.026984,0.024077,0.024611,0.025559,0.009416,1.298809,-0.058695,2.216961,-0.019958,2.603438,-0.004431,6.437793,-0.003156,5.682171
2024-01-29,385.0,389.0,371.05,373.95,516233.0,98.971722,103.759601,96.131105,100.781566,11.05,-3.07154,17.95,-1.2116,1.56348,-1.189616,0.28155,-0.849593,-1.189616,-0.595384,1.585192,-1.562054,0.81633,0.714044,-1.562054,-0.137573,1.708846,-1.716929,1.041993,1.84952,-1.716929,-0.002316,2.570968,-1.1938,1.19945,2.486686,-1.1938,0.085703,2.401984,-1.314431,1.089729,2.398941,-1.314431,0.022343,0.022131,0.027029,0.019015,0.019194,0.020957,0.019644,0.020313,0.021303,0.025476,0.026131,0.027091,0.024108,0.024629,0.025571,-0.683744,1.020563,-0.062059,2.259134,-0.026703,2.713256,-0.006716,6.506196,-0.003296,5.704466
2024-01-30,377.2,378.85,368.15,369.15,582914.0,99.564471,102.458237,97.43962,100.271628,8.05,-1.283594,10.7,-1.219356,1.563782,-0.041079,0.306149,-0.837628,-0.041079,-0.680279,1.573696,-0.383375,0.994018,1.071078,-0.383375,-0.16151,1.716485,-0.653711,1.065398,1.828108,-0.653711,-0.02652,2.571529,-0.488843,1.225308,2.529538,-0.488843,0.088809,2.399797,-0.571883,1.090742,2.411137,-0.571883,0.022641,0.022355,0.027321,0.019021,0.018975,0.020878,0.01975,0.020376,0.021376,0.025459,0.026082,0.027065,0.024117,0.024637,0.025585,-0.708107,0.953499,-0.055948,2.248613,-0.029275,2.708914,-0.006787,6.508255,-0.003801,5.682086
2024-01-31,370.25,380.85,366.05,376.55,569988.0,97.216752,101.147384,98.870947,102.868461,6.3,2.004605,14.8,-1.001781,1.960613,1.533391,0.91138,0.692396,1.533391,-0.532895,1.682088,1.508542,0.759159,0.069634,1.508542,-0.128116,1.742386,1.224023,0.999041,1.505496,1.224023,-0.00111,2.578983,0.777715,1.189666,2.419488,0.777715,0.091034,2.401373,0.796865,1.087199,2.394077,0.796865,0.022027,0.02202,0.022609,0.019534,0.019588,0.02138,0.019952,0.020595,0.021517,0.025503,0.026137,0.027097,0.024137,0.024659,0.025599,0.577511,2.408166,-0.021742,2.67223,-0.022963,2.865382,-0.005889,6.555744,-0.003293,5.701619
2024-02-01,377.75,378.45,369.3,373.2,477812.0,99.815035,102.288113,98.612763,101.056052,4.55,-0.889656,9.15,-1.101488,1.934294,0.109514,1.194084,1.821699,0.109514,-0.588684,1.674073,-0.179785,0.875224,0.271307,-0.179785,-0.166925,1.737194,-0.416034,1.069416,1.658187,-0.416034,-0.00808,2.580448,-0.341637,1.195494,2.420539,-0.341637,0.077402,2.399151,-0.403083,1.10514,2.438382,-0.403083,0.0213,0.020824,0.020633,0.019516,0.019497,0.021296,0.019997,0.020643,0.021576,0.025528,0.026164,0.02712,0.024122,0.024639,0.025583,0.783135,1.766594,-0.014854,2.655058,-0.021868,2.857904,-0.006533,6.556558,-0.003176,5.693522
2024-02-02,373.2,383.4,364.85,367.2,661033.0,97.339593,102.288612,95.774648,100.6441,6.0,-1.607717,18.55,-0.96958,1.855817,-0.343858,1.090748,2.321631,-0.343858,-0.663133,1.685146,-0.560536,0.99125,0.381669,-0.560536,-0.273951,1.654218,-0.806282,1.146139,2.293551,-0.806282,-0.025958,2.585319,-0.611823,1.207473,2.415143,-0.611823,0.060788,2.399259,-0.695425,1.122602,2.468962,-0.695425,0.02354,0.024761,0.024734,0.020411,0.02061,0.022353,0.019951,0.020783,0.021748,0.025657,0.02632,0.027264,0.024174,0.024705,0.025652,0.332158,2.534586,-0.021992,2.68165,-0.015681,2.630502,-0.007369,6.571786,-0.003181,5.693938
2024-02-05,367.35,370.35,350.35,354.0,849558.0,99.189955,104.852291,95.585257,101.041815,13.35,-3.594771,20.0,-1.074227,2.012142,-1.252667,0.665757,1.936332,-1.252667,-0.852381,1.79333,-1.529216,0.91382,0.414584,-1.529216,-0.328865,1.718042,-1.900946,0.970287,1.971996,-1.900946,-0.065631,2.60947,-1.352436,1.194397,2.325739,-1.352436,0.046594,2.412476,-1.509389,1.104619,2.402644,-1.509389,0.024809,0.025647,0.025538,0.021615,0.021646,0.02324,0.020416,0.021165,0.022075,0.025861,0.026497,0.027412,0.024271,0.02479,0.025722,-0.823468,1.882775,-0.050398,2.970777,-0.024903,2.763487,-0.009248,6.669977,-0.003849,5.741548
2024-02-06,375.0,424.8,369.1,424.8,14214394.0,88.276836,101.598483,100.0,115.090761,49.8,20.0,55.7,3.182492,9.613477,1.749368,2.000686,4.13303,1.749368,0.249066,4.975087,3.969967,3.598853,14.477568,3.969967,0.101582,3.341776,5.954444,4.51366,26.121171,5.954444,0.094702,3.268959,6.089186,2.821727,13.726255,6.089186,0.156626,2.790589,7.110819,2.451733,13.128939,7.110819,0.044511,0.037227,0.044983,0.027512,0.024193,0.028758,0.023463,0.0227,0.024991,0.026941,0.026933,0.028492,0.024915,0.025083,0.026341,3.328567,51.776434,0.228915,21.771547,0.020007,10.860762,0.005116,10.55742,-0.001181,7.743803
2024-02-07,429.0,498.0,414.1,469.6,11226518.0,86.144578,103.598165,94.297189,113.40256,40.6,10.546139,83.9,4.890799,10.098516,0.560017,1.032329,-0.641425,0.560017,0.842378,5.461856,1.776642,2.749502,8.202476,1.776642,0.292457,3.652401,2.807382,3.790552,18.014665,2.807382,0.207671,3.430647,3.013562,2.632013,11.329166,3.013562,0.210178,2.885552,3.58197,2.39824,11.789135,3.58197,0.065751,0.063425,0.066643,0.036871,0.035583,0.038026,0.028143,0.028059,0.029506,0.029048,0.029302,0.030522,0.026104,0.026412,0.027492,4.447931,42.015844,0.35124,24.238234,0.046788,12.617341,0.010812,11.554231,0.000321,8.284432
2024-02-08,477.2,482.3,458.1,469.05,3772709.0,98.942567,104.169395,97.252747,102.390308,8.15,-0.117121,24.2,5.045306,9.993327,-0.516587,1.016161,-0.583479,-0.516587,0.908318,5.440823,-0.188471,2.745085,8.217345,-0.188471,0.305898,3.649574,-0.115909,3.78838,18.019609,-0.115909,0.18207,3.423342,-0.087397,2.668912,11.533478,-0.087397,0.203755,2.884839,-0.111228,2.406572,11.82557,-0.111228,0.066867,0.064933,0.068338,0.037332,0.036281,0.038773,0.028409,0.028403,0.029895,0.029094,0.029361,0.030605,0.026176,0.026502,0.027594,1.71221,74.02994,0.30156,25.098727,0.043176,12.664799,0.011974,11.482607,0.000417,8.280108
2024-02-09,465.05,473.05,446.2,466.4,2122628.0,98.308847,104.224563,98.594229,104.527118,1.35,-0.564972,26.85,5.253855,9.829311,-0.591987,1.013505,-0.47717,-0.591987,0.99089,5.403307,-0.287946,2.761842,8.329121,-0.287946,0.310508,3.6483,-0.239969,3.788698,18.028352,-0.239969,0.20511,3.41033,-0.225808,2.686171,11.675275,-0.225808,0.194567,2.884344,-0.263331,2.417109,11.86707,-0.263331,0.06738,0.065814,0.069377,0.037875,0.037217,0.039755,0.028777,0.028915,0.030426,0.029132,0.029487,0.030754,0.026266,0.026628,0.027731,-1.405752,73.339998,0.231175,25.958997,0.038429,12.736346,0.009681,11.435946,0.000463,8.27713
2024-02-12,467.8,472.1,423.4,428.35,958540.0,99.089176,110.486538,90.732896,101.169107,39.45,-8.158233,48.7,4.341163,10.998662,-1.136447,0.600923,-0.56957,-1.136447,0.514852,5.775424,-1.501723,2.30456,6.891004,-1.501723,0.166053,3.836767,-2.169609,3.147189,15.207974,-2.169609,0.143966,3.504569,-2.368965,2.391308,10.667776,-2.368965,0.152242,2.944177,-2.822682,2.200377,11.154608,-2.822682,0.071922,0.068665,0.071955,0.040513,0.039022,0.041355,0.030177,0.029856,0.031307,0.029745,0.029859,0.031113,0.026629,0.026845,0.027927,-6.742758,5.846889,0.106341,31.311736,0.015451,14.376647,0.00335,12.149831,-0.000766,8.62288
2024-02-13,428.55,451.95,420.05,445.55,788868.0,94.822436,102.023569,98.583914,106.070706,17.0,4.015408,31.9,1.144244,6.849959,0.41915,0.055426,0.732755,0.41915,0.647783,5.826195,0.578014,2.181276,6.291339,0.578014,0.132797,3.794994,1.023088,3.236694,16.075976,1.023088,0.169616,3.523563,1.09145,2.343706,10.317495,1.09145,0.177927,2.955394,1.298467,2.160824,10.87807,1.298467,0.064298,0.066026,0.064236,0.041556,0.040196,0.042352,0.029939,0.029654,0.03111,0.029996,0.030114,0.031303,0.02677,0.026992,0.028044,-2.110258,28.631179,0.169643,31.290433,0.038008,13.8131,0.006442,12.256762,-0.000382,8.690198
2024-02-14,427.0,449.0,427.0,437.25,338150.0,95.100223,100.0,97.383073,102.400468,10.25,-1.862866,22.0,-1.337557,4.402788,-0.119313,-0.789872,1.939771,-0.119313,0.381115,5.812237,-0.386079,2.338665,6.897452,-0.386079,0.098789,3.805298,-0.515506,3.235343,15.994804,-0.515506,0.06408,3.422359,-0.563046,2.491012,11.878287,-0.563046,0.165961,2.958803,-0.685692,2.163945,10.8508,-0.685692,0.04314,0.042384,0.046865,0.041765,0.040638,0.043911,0.030058,0.029785,0.031774,0.029571,0.02964,0.03104,0.026827,0.02705,0.02828,0.108889,15.483919,0.178346,31.035405,0.032589,13.969519,0.010399,11.505314,-0.000633,8.709408
2024-02-15,445.0,463.45,430.0,459.1,888403.0,96.018988,103.488372,99.061387,106.767442,14.1,4.997141,33.45,-0.314704,5.266544,1.008602,-0.727937,0.023814,1.008602,0.717819,5.877764,0.728053,2.101211,5.844244,0.728053,0.187573,3.867508,1.243583,3.05312,14.541286,1.243583,0.115551,3.457631,1.411831,2.399915,11.170927,1.411831,0.152333,2.929959,1.653542,2.178253,11.256499,1.653542,0.045549,0.04517,0.049633,0.042819,0.041992,0.045321,0.030608,0.030437,0.03242,0.029799,0.029921,0.031294,0.026668,0.026974,0.028249,1.741959,16.120348,0.210846,31.342539,0.045239,14.232269,0.013199,11.690486,0.001227,8.536717
2024-02-16,461.95,471.45,447.05,460.85,482496.0,97.98494,103.332961,97.751617,103.086903,1.1,0.381181,24.4,-0.125474,5.272299,0.096097,-0.904107,0.339955,0.096097,0.796003,5.861533,-0.07077,2.076231,5.809504,-0.07077,0.184794,3.867314,0.050781,3.055815,14.554374,0.050781,0.114048,3.457481,0.077262,2.401545,11.17775,0.077262,0.157707,2.929385,0.076287,2.174098,11.251376,0.076287,0.045079,0.044514,0.048459,0.043369,0.042773,0.045964,0.030851,0.030776,0.032718,0.02972,0.029813,0.031172,0.026435,0.026664,0.027923,1.806056,15.714031,0.176032,31.60937,0.046509,14.206532,0.013609,11.680302,0.001134,8.534106
2024-02-19,466.0,467.75,450.35,458.05,303813.0,99.625869,103.475075,97.926243,101.709781,7.95,-0.607573,17.4,1.384658,2.97881,-0.668801,0.349683,-2.503837,-0.668801,0.859999,5.837631,-0.251398,2.070163,5.847447,-0.251398,0.22715,3.846331,-0.217018,3.080708,14.789237,-0.217018,0.144524,3.437294,-0.218805,2.430459,11.41021,-0.218805,0.154259,2.92988,-0.260021,2.176472,11.252181,-0.260021,0.035788,0.038944,0.04413,0.043498,0.042951,0.046179,0.03086,0.030848,0.032829,0.029679,0.029838,0.031214,0.026451,0.026676,0.027949,-0.700192,6.118113,0.11361,31.944879,0.037518,14.205248,0.010896,11.597909,0.001008,8.53789
2024-02-20,463.5,467.85,445.1,451.25,292056.0,99.070215,104.133902,96.451854,101.381712,12.25,-1.484554,22.75,0.284666,2.772853,-0.63805,1.729631,3.098261,-0.63805,0.848012,5.842425,-0.399246,2.070866,5.838294,-0.399246,0.228905,3.845513,-0.445573,3.081551,14.798232,-0.445573,0.148886,3.434922,-0.475539,2.43275,11.436568,-0.475539,0.167846,2.915844,-0.566697,2.20996,11.462038,-0.566697,0.032765,0.035928,0.042099,0.04388,0.043405,0.046608,0.031037,0.031035,0.033031,0.029738,0.029919,0.031287,0.026424,0.026697,0.02797,-0.484809,5.680893,0.046882,32.354151,0.029083,14.316065,0.008677,11.617971,0.000107,8.459597
2024-02-21,452.0,459.8,440.5,453.9,504060.0,98.30361,102.61067,98.716833,103.041998,1.9,0.587258,19.3,0.77469,2.501695,-0.074922,1.624489,3.093246,-0.074922,0.831538,5.842685,-0.04181,2.079982,5.865535,-0.04181,0.236806,3.845842,0.091125,3.074357,14.764635,0.091125,0.160597,3.434395,0.124232,2.423553,11.410976,0.124232,0.181284,2.911528,0.139437,2.20823,11.504616,0.139437,0.032001,0.035559,0.036585,0.043856,0.043498,0.04611,0.031192,0.031247,0.033222,0.029828,0.030055,0.031397,0.026412,0.026696,0.027972,-1.06855,2.723183,0.044242,32.365043,0.029837,14.309302,0.008493,11.617014,-0.000173,8.434512
2024-02-22,460.0,464.35,445.1,455.65,485008.0,99.063207,103.347562,98.126413,102.370254,4.35,0.385547,19.25,-0.147628,0.880751,0.605365,-1.091986,-0.334561,0.605365,0.870371,5.836709,-0.083065,2.064711,5.835732,-0.083065,0.272568,3.838594,0.029432,3.064348,14.775386,0.029432,0.134109,3.4222,0.073473,2.467149,11.692646,0.073473,0.163363,2.899097,0.076639,2.244166,11.797066,0.076639,0.02736,0.030833,0.031553,0.044012,0.043706,0.046292,0.031339,0.031465,0.033474,0.029868,0.030148,0.031508,0.026404,0.026724,0.02801,0.120356,0.591607,0.018566,32.352357,0.026172,14.297461,0.010368,11.504759,0.000429,8.362127
2024-02-23,468.0,472.0,452.25,457.3,435468.0,99.152542,103.482587,96.885593,101.116639,10.7,0.36212,19.75,-0.15144,0.877927,0.584969,-1.090343,-0.315294,0.584969,1.00184,5.791756,-0.110454,2.046742,5.890172,-0.110454,0.319932,3.824489,0.011031,3.064172,14.873275,0.011031,0.080136,3.374818,0.083555,2.573761,12.627611,0.083555,0.163419,2.899101,0.068539,2.244099,11.796812,0.068539,0.026013,0.028462,0.031638,0.044167,0.043978,0.046873,0.031312,0.031449,0.033615,0.029739,0.030121,0.031581,0.026428,0.026737,0.028081,0.380949,0.326361,-0.038236,31.818602,0.020802,14.244062,0.013913,11.114207,0.000487,8.361972
2024-02-26,457.6,459.6,442.35,456.1,396270.0,99.564839,103.447496,99.238468,103.108398,1.5,-0.26241,17.25,-0.082408,0.846087,-0.212746,-1.562867,2.133396,-0.212746,1.142297,5.721408,-0.245518,2.061796,6.089103,-0.245518,0.303518,3.825206,-0.147947,3.075779,14.916905,-0.147947,0.090761,3.372021,-0.104736,2.57126,12.645704,-0.104736,0.119374,2.837356,-0.134556,2.309922,12.881771,-0.134556,0.026049,0.028892,0.032284,0.04401,0.043943,0.046981,0.031364,0.03152,0.033752,0.029711,0.030135,0.031596,0.026181,0.026614,0.027975,0.221915,0.474198,-0.120614,30.614071,0.020016,14.256123,0.012858,11.11906,0.001687,8.000848
2024-02-27,458.0,461.45,436.45,459.2,914387.0,99.252357,104.937564,99.512407,105.21251,1.2,0.679676,25.0,0.350438,0.36791,0.894884,-1.515741,2.640263,0.894884,1.24046,5.694374,-0.09848,2.038323,6.094803,-0.09848,0.268006,3.813045,0.107964,3.130607,15.272672,0.107964,0.099834,3.372376,0.171939,2.562275,12.610326,0.171939,0.124319,2.837467,0.195723,2.304427,12.862877,0.195723,0.026891,0.030845,0.035792,0.044475,0.044687,0.047963,0.03158,0.031835,0.034181,0.029868,0.03035,0.031899,0.02621,0.026653,0.028055,-0.046312,0.103997,-0.165526,29.893586,0.026171,14.105893,0.013015,11.11805,0.001706,8.00126
2024-02-28,465.3,498.7,447.95,466.1,10260156.0,93.302587,103.8732,93.463004,104.051791,0.8,1.502613,50.75,0.533509,0.641343,1.511055,0.633047,1.495045,1.511055,1.21536,5.691934,0.050467,2.055508,6.155935,0.050467,0.302875,3.816267,0.314375,3.0949,15.087329,0.314375,0.135389,3.368191,0.405922,2.542959,12.574543,0.405922,0.123882,2.837247,0.48594,2.305312,12.86918,0.48594,0.037701,0.043823,0.047233,0.046448,0.047445,0.050456,0.032835,0.03357,0.035689,0.030482,0.031223,0.032688,0.026542,0.027115,0.028478,0.255169,0.198834,-0.149716,30.032918,0.027829,14.11133,0.012544,11.100159,0.002133,7.994558
2024-02-29,469.25,503.0,458.05,498.2,10002556.0,93.290258,102.445148,99.045726,108.765419,28.95,6.886934,44.95,1.833787,2.895505,1.74517,1.974825,4.053268,1.74517,1.60419,5.805062,0.910024,1.771367,4.863329,0.910024,0.479001,3.913585,1.637356,2.834098,12.950815,1.637356,0.214855,3.432833,1.943607,2.409962,11.351987,1.943607,0.142284,2.869098,2.350791,2.270135,12.267468,2.350791,0.043865,0.048452,0.050946,0.048007,0.048875,0.051731,0.033712,0.03441,0.036442,0.030935,0.031625,0.033059,0.026753,0.027299,0.028649,1.481465,2.31768,-0.10193,31.668344,0.037879,14.711022,0.01583,11.457694,0.003607,8.147197
2024-03-01,498.2,504.9,486.6,491.45,1965936.0,98.673005,102.383888,97.336106,100.996712,6.75,-1.354878,18.3,1.490387,3.199529,-0.889276,1.630997,3.015952,-0.889276,1.616832,5.79797,-0.512543,1.772775,4.883474,-0.512543,0.461257,3.919971,-0.463303,2.832538,12.902416,-0.463303,0.20978,3.434794,-0.455532,2.409681,11.334215,-0.455532,0.141551,2.869463,-0.521501,2.26985,12.262162,-0.521501,0.043482,0.048251,0.04934,0.0478,0.048609,0.051428,0.033835,0.034564,0.036563,0.030996,0.0317,0.033121,0.026647,0.02715,0.028468,0.402232,7.866008,-0.194917,30.672376,0.031246,14.855534,0.014254,11.51054,0.00318,8.158946
2024-03-04,518.0,518.0,490.3,492.4,1877080.0,100.0,105.649602,95.057915,100.428309,25.6,0.193306,27.7,1.58153,3.143109,-0.441672,1.618354,3.155457,-0.441672,1.806236,5.679422,-0.283996,1.819177,5.24917,-0.283996,0.465865,3.919508,-0.069539,2.829903,12.895557,-0.069539,0.227262,3.430168,-0.009899,2.405247,11.360237,-0.009899,0.149444,2.867413,0.015297,2.267148,12.280063,0.015297,0.044755,0.047815,0.053871,0.047789,0.048354,0.052581,0.034035,0.034559,0.037316,0.031138,0.031758,0.033597,0.026736,0.027185,0.028749,-0.383023,7.609894,-0.297542,27.699383,0.029395,14.875356,0.013175,11.503763,0.002957,8.151792
2024-03-05,496.4,515.95,478.0,480.55,2488644.0,96.210873,103.849372,93.13887,100.533473,15.85,-2.40658,37.95,0.964279,3.629849,-0.92865,1.364978,2.000837,-0.92865,0.685907,3.800919,-0.813615,0.588236,2.586281,-0.813615,0.419713,3.939828,-0.717364,2.814775,12.714901,-0.717364,0.233941,3.424319,-0.771108,2.416171,11.434065,-0.771108,0.151078,2.865854,-0.892459,2.270687,12.306122,-0.892459,0.046907,0.049788,0.054935,0.045086,0.047646,0.050319,0.034397,0.034952,0.037738,0.031422,0.032122,0.033968,0.026847,0.027339,0.028916,-1.451202,6.328673,-0.070455,13.55959,0.021253,15.11774,0.009609,11.531765,0.002141,8.156769
2024-03-06,487.0,491.0,463.3,475.6,1367047.0,99.185336,105.115476,96.863544,102.654867,11.4,-1.03007,27.7,0.457742,3.711737,-0.40084,1.89835,3.798614,-0.40084,0.107096,3.021961,-0.376301,-0.225011,3.09342,-0.376301,0.408522,3.943202,-0.364828,2.815614,12.695523,-0.364828,0.266307,3.396533,-0.381677,2.470232,11.783798,-0.381677,0.127648,2.856194,-0.405336,2.308924,12.580149,-0.405336,0.040157,0.040263,0.047087,0.038468,0.040627,0.044523,0.034713,0.035334,0.03812,0.031471,0.032182,0.033989,0.026818,0.027281,0.028742,-1.688571,5.319046,0.060719,8.553049,0.015661,15.186785,0.00613,11.389757,0.002493,8.096334
2024-03-07,479.9,489.0,475.6,484.65,912598.0,98.139059,100.904121,99.110429,101.90286,4.75,1.90286,13.4,-0.539072,1.650273,1.479714,0.72125,0.175521,1.479714,0.208095,3.047719,0.556076,-0.317875,2.923734,0.556076,0.414482,3.945271,0.377256,2.807027,12.644069,0.377256,0.285076,3.400375,0.475766,2.446124,11.660822,0.475766,0.147392,2.854742,0.614931,2.294954,12.545941,0.614931,0.032189,0.033036,0.041541,0.038025,0.040094,0.043958,0.03475,0.035381,0.038162,0.031491,0.032209,0.034006,0.026807,0.027284,0.028746,0.52921,1.618596,0.082833,8.596023,0.022107,15.152086,0.006957,11.406597,0.002431,8.089108
2024-03-11,497.95,501.4,473.75,480.65,1566284.0,99.311927,105.108179,95.861588,101.456464,17.3,-0.825338,27.65,-0.433165,1.601089,-0.244942,0.51118,0.607245,-0.244942,0.195077,3.051748,-0.334371,-0.303718,2.883769,-0.334371,0.367854,3.945884,-0.302389,2.841539,12.779121,-0.302389,0.285916,3.400087,-0.326831,2.446077,11.663257,-0.326831,0.159603,2.845268,-0.346168,2.313521,12.703316,-0.346168,0.034204,0.034563,0.044399,0.037978,0.039731,0.043911,0.034999,0.035619,0.038557,0.031651,0.032356,0.034242,0.026855,0.027351,0.028865,0.227215,1.947534,0.055863,8.743746,0.021863,15.159058,0.005573,11.419106,0.001771,8.044623
2024-03-12,480.6,484.15,462.65,468.15,653245.0,99.266756,103.879823,96.695239,101.188804,12.45,-2.600645,21.5,-0.991955,1.802652,-0.892402,1.228343,1.57969,-0.892402,0.472956,2.44351,-1.257863,1.276305,1.521383,-1.257863,0.277723,3.961473,-0.72659,2.869048,12.815756,-0.72659,0.276165,3.407015,-0.844378,2.435497,11.57704,-0.844378,0.115337,2.818744,-0.963543,2.371008,13.346659,-0.963543,0.03318,0.035273,0.038131,0.035578,0.038346,0.042666,0.035068,0.035676,0.038604,0.031727,0.032434,0.034309,0.026796,0.027357,0.028858,-0.01834,2.59897,-0.11597,5.225023,0.018645,15.307008,0.0027,11.485602,0.002277,7.888308
2024-03-13,467.9,477.95,449.5,461.1,1190455.0,97.89727,104.093437,96.474527,102.580645,6.8,-1.505928,28.45,-0.811824,1.665757,-0.41669,1.256393,2.517839,-0.41669,0.19689,2.331555,-0.730335,1.624891,3.053092,-0.730335,0.239318,3.969422,-0.439672,2.880153,12.809167,-0.439672,0.281628,3.403681,-0.525183,2.43957,11.616751,-0.525183,0.109366,2.820918,-0.572613,2.371001,13.31722,-0.572613,0.030847,0.033195,0.034877,0.035172,0.038154,0.042482,0.035371,0.036067,0.038914,0.031892,0.032663,0.034492,0.026898,0.027488,0.028955,-0.545522,1.624608,-0.088306,4.905058,0.014783,15.395676,0.00023,11.469147,0.001971,7.904841
2024-03-14,458.0,476.0,445.0,471.25,994002.0,96.218487,102.921348,99.002101,105.898876,13.25,2.201258,31.0,-0.165559,2.123777,1.114437,0.21633,-2.576857,1.114437,0.400096,2.319663,0.776476,1.43589,2.499869,0.776476,0.302204,3.975211,0.477724,2.821264,12.521934,0.477724,0.2899,3.407365,0.560949,2.425737,11.529632,0.560949,0.116308,2.824364,0.738202,2.356869,13.215365,0.738202,0.032179,0.034623,0.035757,0.035684,0.038745,0.041817,0.035783,0.03655,0.039356,0.032134,0.032943,0.034739,0.027035,0.027647,0.029105,-0.008379,3.608203,-0.092195,4.829172,0.016504,15.429534,0.002033,11.490593,0.002389,7.918119
2024-03-15,467.95,475.0,458.55,472.25,609636.0,98.515789,102.04994,99.421053,102.987679,4.3,0.212202,16.45,-0.50369,1.825815,0.392094,0.677556,0.340834,0.392094,0.160849,2.051875,0.025027,1.807477,5.434182,0.025027,0.301926,3.975217,-0.022571,2.82147,12.522697,-0.022571,0.29739,3.406353,-0.025009,2.421317,11.524784,-0.025009,0.128534,2.819431,0.029675,2.359057,13.285096,0.029675,0.032701,0.03531,0.036509,0.034563,0.037538,0.040569,0.035844,0.036625,0.039437,0.032156,0.032977,0.034775,0.027039,0.027671,0.029133,0.687698,1.721023,-0.022294,3.983153,0.016105,15.432283,0.001486,11.485367,0.002049,7.895448
2024-03-18,470.9,474.75,458.4,461.5,346530.0,99.189047,102.726876,97.209057,100.676265,9.4,-2.276337,16.35,-0.79389,1.997007,-0.742334,0.961121,-0.357111,-0.742334,0.027973,2.121715,-1.08606,1.75514,4.946311,-1.08606,0.258774,3.991553,-0.635119,2.815049,12.402302,-0.635119,0.284342,3.413753,-0.750107,2.413416,11.440024,-0.750107,0.109539,2.822787,-0.84522,2.367295,13.274735,-0.84522,0.030428,0.033362,0.03259,0.034144,0.036898,0.040025,0.035919,0.036685,0.039483,0.032197,0.033013,0.034806,0.027066,0.0277,0.029156,0.236675,3.078398,-0.053632,4.180949,0.009009,15.596947,-0.000812,11.536624,0.001901,7.916245
2024-03-19,463.0,504.7,460.1,488.35,12707665.0,91.737666,100.630298,96.760452,106.13997,25.35,5.817985,44.6,0.889836,3.249231,1.516713,0.924848,0.146896,1.516713,0.349251,2.477135,2.207685,1.415761,2.137426,2.207685,0.37133,4.068192,1.338839,2.626697,11.019751,1.338839,0.345792,3.457662,1.582628,2.310531,10.613099,1.582628,0.151377,2.845098,1.991709,2.312617,12.708636,1.991709,0.037343,0.039955,0.039483,0.035976,0.038606,0.041522,0.036742,0.037506,0.040248,0.032632,0.033436,0.035203,0.027284,0.027938,0.029372,1.017023,6.377328,0.019047,5.817324,0.021921,16.119108,0.002104,11.832183,0.002352,8.035675
2024-03-20,488.35,496.45,478.15,482.6,2273204.0,98.368416,102.133222,97.210192,100.93067,5.75,-1.177434,18.3,0.955535,3.191486,-0.668331,0.93603,0.33189,-0.668331,0.364607,2.466096,-0.625297,1.424273,2.184133,-0.625297,0.38836,4.059712,-0.385691,2.633295,11.088472,-0.385691,0.387606,3.412972,-0.458556,2.412196,11.137816,-0.458556,0.151646,2.844969,-0.467169,2.31271,12.710556,-0.467169,0.034994,0.036967,0.036867,0.035705,0.038402,0.041269,0.036517,0.037269,0.039981,0.031438,0.03199,0.033672,0.027238,0.02788,0.029303,-0.11516,8.121944,-0.031717,5.744098,0.012399,16.119623,-0.002258,11.527649,0.001945,8.040771
2024-03-21,487.7,517.5,486.5,499.75,3577176.0,94.241546,100.24666,96.570048,102.723535,12.05,3.553668,31.0,1.226017,3.375463,0.68958,0.558502,-1.655783,0.68958,0.512927,2.56732,1.184403,1.181607,1.140666,1.184403,0.485835,4.076331,0.752596,2.537997,10.597378,0.752596,0.472399,3.384851,0.910311,2.444417,11.300686,0.910311,0.150651,2.843737,1.196671,2.31516,12.738471,1.196671,0.034245,0.036214,0.037208,0.036201,0.038897,0.041973,0.036831,0.037653,0.04043,0.031094,0.031654,0.033417,0.027244,0.027915,0.029376,0.778183,7.903862,0.017356,6.251559,0.015663,16.233055,-0.003597,11.331862,0.002996,8.016497
2024-03-22,498.05,508.0,493.1,502.35,907958.0,98.041339,101.003853,98.887795,101.875887,4.3,0.52026,14.9,1.287628,3.355082,-0.228718,0.484529,-1.625079,-0.228718,0.519663,2.567145,0.000233,1.17311,1.126677,0.000233,0.524959,4.066886,-0.001155,2.527899,10.618594,-0.001155,0.517407,3.354833,0.00085,2.493653,11.649015,0.00085,0.163327,2.839683,0.125695,2.313827,12.784783,0.125695,0.033868,0.035729,0.036439,0.035975,0.038608,0.041592,0.036844,0.037708,0.040462,0.030881,0.031431,0.033221,0.02726,0.027936,0.029378,0.332888,8.783631,0.01545,6.252785,0.011037,16.183403,-0.006268,11.109621,0.002724,7.998742
2024-03-26,500.0,545.65,497.15,537.6,4223986.0,91.633831,100.573268,98.524695,108.136377,37.6,7.01702,48.5,3.1463,3.459663,1.118814,-0.219447,-2.132326,1.118814,0.852408,2.948602,2.090689,1.022045,0.169786,2.090689,0.709628,4.148679,1.520338,2.329712,9.231573,1.520338,0.519697,3.359232,1.934169,2.489399,11.584969,1.934169,0.202308,2.879905,2.366298,2.2458,11.959616,2.366298,0.04103,0.040565,0.041007,0.03765,0.039627,0.042134,0.037572,0.038227,0.040941,0.031118,0.031644,0.033402,0.027522,0.028114,0.029545,0.409576,9.239911,0.105781,7.887485,0.019599,16.78731,0.001394,11.169978,0.003605,8.209063
2024-03-27,542.85,559.0,530.85,546.0,2873936.0,97.110912,102.260526,97.674419,102.853914,3.15,1.5625,28.15,2.295203,3.14745,-0.232792,0.79386,0.345907,-0.232792,0.943654,2.940513,0.210455,0.931043,0.058835,0.210455,0.713627,4.149417,0.204576,2.325558,9.213021,0.204576,0.531618,3.360812,0.306736,2.475341,11.520843,0.306736,0.21424,2.880575,0.468052,2.232444,11.907979,0.468052,0.035476,0.035685,0.03602,0.037937,0.040001,0.042318,0.037791,0.038526,0.041179,0.031189,0.031739,0.033479,0.027576,0.028193,0.029613,0.894322,6.325531,0.098323,7.892845,0.023205,16.761175,0.001923,11.179026,0.003653,8.211737
2024-03-28,547.0,547.0,524.55,536.7,1560344.0,100.0,104.279859,98.117002,102.316271,10.3,-1.703297,22.45,2.19003,3.297698,-1.180619,0.593551,0.287067,-1.180619,0.824505,2.99946,-0.842752,0.969557,0.005333,-0.842752,0.652426,4.162285,-0.565969,2.345768,9.211176,-0.565969,0.45406,3.321377,-0.649537,2.585578,12.395599,-0.649537,0.186707,2.872404,-0.657987,2.269187,12.155483,-0.657987,0.035826,0.035929,0.036823,0.037616,0.039491,0.041556,0.0379,0.038657,0.04134,0.03098,0.031638,0.033399,0.027574,0.028217,0.029646,-0.947169,6.905594,0.056342,8.441377,0.019093,16.902206,0.003941,10.908289,0.003908,8.158536
2024-04-01,542.0,578.0,540.0,571.6,2975365.0,93.771626,100.37037,98.892734,105.851852,29.6,6.502702,38.0,2.779837,3.824249,0.973489,0.180482,-2.467636,0.973489,1.074509,3.256334,1.666964,0.810821,-0.676023,1.666964,0.71307,4.225787,1.370072,2.246851,8.421047,1.370072,0.520061,3.375445,1.7724,2.462798,11.334445,1.7724,0.210405,2.904843,2.16614,2.220654,11.528703,2.16614,0.036631,0.034632,0.034548,0.035926,0.036506,0.038933,0.038191,0.038886,0.041569,0.031174,0.031734,0.033498,0.027709,0.028304,0.029723,0.324457,11.489361,0.148166,9.343588,0.03976,17.170917,0.0072,11.236496,0.005089,8.30961
2024-04-02,570.0,574.8,551.1,555.15,981352.0,99.164927,103.429505,96.58142,100.734894,14.85,-2.877887,23.7,2.100208,4.557801,-1.092214,0.112876,-2.833683,-1.092214,0.586268,3.065428,-1.130072,0.983569,-0.06324,-1.130072,0.690251,4.242335,-0.841079,2.228672,8.302008,-0.841079,0.39974,3.277593,-1.00001,2.60255,13.020978,-1.00001,0.189441,2.911953,-1.053358,2.219912,11.458231,-1.053358,0.037494,0.035212,0.035085,0.034126,0.034838,0.03743,0.038295,0.038995,0.041659,0.030694,0.031347,0.033108,0.027729,0.02831,0.029722,-1.484961,12.20862,0.183478,7.807672,0.025311,17.504046,0.010415,10.544811,0.004794,8.360459
2024-04-03,558.4,558.7,547.0,550.0,1066403.0,99.946304,102.084095,98.442814,100.548446,8.4,-0.927677,11.7,0.511268,3.723694,-0.38643,1.31917,1.427909,-0.38643,0.607628,3.052652,-0.502942,0.980548,-0.046429,-0.502942,0.695347,4.240192,-0.382771,2.228948,8.313239,-0.382771,0.388421,3.280228,-0.401221,2.606165,13.006922,-0.401221,0.178193,2.911901,-0.379776,2.231151,11.49434,-0.379776,0.028514,0.028401,0.028757,0.033883,0.034496,0.037184,0.038319,0.039008,0.041671,0.030557,0.031147,0.032954,0.027735,0.028312,0.029726,-0.615494,10.335052,0.1312,8.280397,0.016917,17.56004,0.009508,10.576978,0.004798,8.360031
2024-04-04,554.0,567.95,553.1,562.65,1174174.0,97.543798,100.162719,99.066819,101.726632,8.65,2.3,14.85,0.658768,3.789765,0.433069,1.091562,0.286801,0.433069,0.712963,3.073876,0.516298,0.856007,-0.2899,0.516298,0.779097,4.229477,0.359596,2.190046,8.236663,0.359596,0.450019,3.257403,0.567931,2.628388,13.223887,0.567931,0.209324,2.901062,0.720659,2.240094,11.594774,0.720659,0.025906,0.02437,0.025245,0.033261,0.034307,0.035097,0.038308,0.038997,0.041665,0.030461,0.031085,0.032907,0.027657,0.028254,0.029678,0.057621,11.483217,0.148835,8.239724,0.014368,17.487714,0.008068,10.450321,0.004496,8.306698
2024-04-05,568.0,574.5,554.0,557.2,667055.0,98.868581,102.527076,96.988686,100.577617,10.8,-0.968631,20.5,0.805701,3.688171,-0.481087,1.058605,0.521672,-0.481087,0.784861,3.013289,-0.581919,0.883859,-0.205452,-0.581919,0.784621,4.226959,-0.414778,2.190708,8.250942,-0.414778,0.402305,3.242708,-0.422775,2.697076,13.673719,-0.422775,0.187785,2.89369,-0.399634,2.273049,11.8063,-0.399634,0.025292,0.023446,0.023923,0.032013,0.032822,0.033504,0.038372,0.039084,0.041749,0.030351,0.030981,0.032822,0.027647,0.028257,0.029685,-0.976478,8.975066,0.075557,8.436099,0.005299,17.503992,0.009258,10.338587,0.004792,8.255028
2024-04-08,561.0,562.25,545.2,549.5,556217.0,99.777679,102.898019,97.732325,100.788701,11.5,-1.38191,17.05,-0.771221,1.891218,-0.322908,1.193776,2.631688,-0.322908,0.767269,3.025445,-0.710368,0.883773,-0.223946,-0.710368,0.738648,4.237979,-0.50037,2.204724,8.236966,-0.50037,0.401378,3.243209,-0.549853,2.696446,13.666749,-0.549853,0.186121,2.8945,-0.541727,2.272469,11.795275,-0.541727,0.019351,0.019167,0.019755,0.031323,0.031925,0.032549,0.038278,0.03897,0.041403,0.030363,0.030985,0.032835,0.027644,0.028245,0.029675,0.2951,2.687198,0.015946,8.687199,0.000525,17.601197,0.007173,10.370353,0.004371,8.272548
2024-04-09,555.3,555.3,536.1,549.1,512786.0,100.0,103.581421,98.883486,102.424921,6.2,-0.072793,19.2,-0.210202,1.481796,0.092731,1.71674,2.937435,0.092731,0.668486,3.018662,-0.245566,0.994492,-0.043074,-0.245566,0.745014,4.236486,-0.193039,2.202613,8.238618,-0.193039,0.355131,3.216287,-0.133049,2.786561,14.370783,-0.133049,0.181553,2.894183,-0.087882,2.277937,11.816431,-0.087882,0.018328,0.018921,0.021229,0.031457,0.032099,0.032907,0.038297,0.038989,0.041447,0.030294,0.030995,0.032881,0.027661,0.028265,0.029708,-0.197214,1.678789,0.021875,8.640791,-0.004151,17.585266,0.009406,10.167335,0.004431,8.268958
2024-04-10,556.85,565.8,550.0,555.0,862532.0,98.418169,101.245455,98.091198,100.909091,1.85,1.074486,15.8,0.19023,1.509702,0.585715,0.55969,-1.180337,0.585715,0.763477,2.999008,0.103704,0.915927,-0.106558,0.103704,0.811849,4.214296,0.06232,2.195799,8.322416,0.06232,0.36835,3.216503,0.219535,2.773605,14.318544,0.219535,0.175688,2.891162,0.310878,2.289529,11.896264,0.310878,0.019012,0.020257,0.02303,0.030757,0.031526,0.031967,0.038272,0.039031,0.041516,0.030295,0.030996,0.032899,0.027645,0.028276,0.029724,-0.155519,1.774987,0.004089,8.543789,-0.010753,17.381003,0.009469,10.167726,0.004876,8.237773
2024-04-12,558.4,565.45,541.0,545.45,1362609.0,98.753205,103.216266,96.462994,100.822551,12.95,-1.720721,24.45,-0.613914,1.127405,-0.98173,0.906643,-0.203431,-0.98173,0.807473,2.953162,-0.856097,0.961225,-0.046448,-0.856097,0.838866,4.19317,-0.610418,2.221224,8.479944,-0.610418,0.350646,3.22314,-0.642655,2.770524,14.240651,-0.642655,0.184988,2.881996,-0.661246,2.311461,12.042799,-0.661246,0.021255,0.022617,0.024779,0.030724,0.031525,0.03199,0.038246,0.039025,0.041517,0.030403,0.031109,0.032993,0.027587,0.028237,0.029688,0.095221,0.998699,-0.084518,8.047594,-0.026222,17.087821,0.008034,10.230956,0.004027,8.21032
2024-04-15,532.5,543.15,519.55,540.65,773634.0,98.039216,102.492542,99.539722,104.061207,8.15,-0.880007,23.6,-0.596189,1.121113,-0.253158,0.850562,-0.204357,-0.253158,0.838769,2.930585,-0.586496,0.965615,-0.009572,-0.586496,0.846937,4.189387,-0.412219,2.22252,8.502678,-0.412219,0.342714,3.225202,-0.379115,2.772193,14.224929,-0.379115,0.178137,2.882895,-0.367042,2.316238,12.046508,-0.367042,0.022335,0.024238,0.028467,0.030194,0.0308,0.031963,0.038354,0.039196,0.041814,0.030505,0.031237,0.033203,0.027624,0.02828,0.029774,-0.064412,0.997218,-0.145152,7.458369,-0.035465,16.93802,0.007038,10.256636,0.003914,8.218468
2024-04-16,528.1,561.95,525.25,533.1,1571354.0,93.976332,100.542599,94.866091,101.494526,5.0,-1.396467,36.7,-0.599101,1.12368,-0.709603,0.849637,-0.226352,-0.709603,0.658883,2.952885,-0.696048,1.116122,0.210838,-0.696048,0.778916,4.19781,-0.518219,2.256121,8.567745,-0.518219,0.3254,3.229889,-0.533104,2.774945,14.187315,-0.533104,0.174813,2.884332,-0.544764,2.315603,12.027744,-0.544764,0.027559,0.031226,0.038018,0.030201,0.031037,0.033146,0.038635,0.039594,0.042487,0.030747,0.031559,0.033673,0.027729,0.028425,0.029999,-0.460184,0.586586,-0.155571,7.478826,-0.037908,16.96991,0.006,10.297859,0.003542,8.235963
2024-04-18,504.0,531.8,501.5,519.15,1269310.0,94.772471,100.498504,97.621286,103.519442,15.15,-2.61677,30.3,-1.107896,1.373886,-1.098253,1.079165,1.829863,-1.098253,0.517434,3.041825,-1.03037,1.103331,0.123922,-1.03037,0.744374,4.218873,-0.796692,2.238315,8.422839,-0.796692,0.288724,3.242367,-0.896103,2.769841,14.059752,-0.896103,0.180221,2.878041,-0.971838,2.332865,12.129651,-0.971838,0.030306,0.033725,0.0467,0.030851,0.03167,0.035956,0.038899,0.039881,0.043482,0.030927,0.031754,0.03432,0.027763,0.028497,0.030327,-0.705826,0.51367,-0.209419,7.331844,-0.049984,16.922611,0.004692,10.389471,0.002541,8.220182
2024-04-19,515.0,541.1,512.75,535.85,1931126.0,95.176492,100.43881,99.029754,104.505119,20.85,3.216797,28.35,-0.679434,2.267847,1.71803,1.799366,3.623951,1.71803,0.792091,3.024235,0.801758,0.906779,-0.271807,0.801758,0.840864,4.219151,0.563131,2.174353,8.200886,0.563131,0.283457,3.237121,0.906157,2.783409,14.183322,0.906157,0.182653,2.880412,1.053371,2.326975,12.074941,1.053371,0.032703,0.035014,0.047297,0.031335,0.03197,0.036264,0.038939,0.039809,0.043414,0.030938,0.031754,0.034332,0.027834,0.028555,0.030382,0.813827,2.789876,-0.214969,7.152164,-0.049927,16.926102,0.008525,10.313601,0.003379,8.217237
2024-04-22,545.05,546.6,527.2,530.85,505074.0,99.716429,103.385812,97.118551,100.692337,14.2,-0.933097,19.4,-0.521909,2.20389,-0.186574,1.645783,3.40605,-0.186574,0.454537,2.802365,-0.495165,1.192226,0.745265,-0.495165,0.894097,4.178641,-0.43727,2.222194,8.496667,-0.43727,0.282616,3.237429,-0.375518,2.783304,14.179813,-0.375518,0.175939,2.881445,-0.384889,2.331238,12.075527,-0.384889,0.03198,0.033909,0.047126,0.029173,0.029701,0.034485,0.038775,0.039651,0.043351,0.030986,0.031781,0.034396,0.027865,0.028573,0.030417,0.450708,3.479429,-0.160258,6.60664,-0.064964,16.232938,0.007116,10.33394,0.003246,8.226079
2024-04-23,532.45,535.85,525.55,531.3,558722.0,99.365494,101.31291,99.150882,101.094092,1.15,0.08477,10.3,-0.328954,2.206932,0.187465,1.210873,1.849456,0.187465,0.517647,2.777783,-0.155836,1.160134,0.755879,-0.155836,0.495793,3.140512,-0.130878,0.846092,2.202818,-0.130878,0.298687,3.232363,-0.06618,2.782982,14.229516,-0.06618,0.181866,2.880024,-0.033714,2.328894,12.085595,-0.033714,0.030126,0.031743,0.044133,0.028851,0.029308,0.034187,0.036928,0.03871,0.041639,0.030937,0.031732,0.034336,0.027867,0.028578,0.030422,0.464615,3.464704,-0.191308,6.113362,-0.020078,9.581609,0.005905,10.314638,0.00304,8.222254
2024-04-24,535.0,542.9,530.2,537.95,436069.0,98.544852,100.905319,99.08823,101.461713,2.95,1.251647,12.7,0.200669,2.20445,0.476753,0.185721,-0.132375,0.476753,0.402546,2.691721,0.315449,1.334911,1.48257,0.315449,0.309903,2.788871,0.337679,0.422293,1.684968,0.337679,0.30118,3.233007,0.293989,2.779117,14.206845,0.293989,0.185061,2.880859,0.370232,2.323754,12.057643,0.370232,0.024879,0.02474,0.036078,0.027815,0.02808,0.03288,0.033499,0.035023,0.038572,0.030937,0.031733,0.034336,0.027876,0.028592,0.030434,0.460481,3.463595,-0.132885,6.295946,0.006313,7.613944,0.006897,10.308172,0.003265,8.222316
2024-04-25,542.3,545.85,528.55,531.0,787985.0,99.349638,102.601457,97.279472,100.463532,11.3,-1.291942,17.3,0.465635,1.828749,-0.961081,0.891645,-0.058097,-0.961081,0.311936,2.717924,-0.590111,1.393667,1.523032,-0.590111,0.286406,2.797478,-0.564204,0.44074,1.643272,-0.564204,0.296152,3.23511,-0.490893,2.777622,14.180362,-0.490893,0.173007,2.881976,-0.508314,2.332871,12.074256,-0.508314,0.021108,0.020128,0.021652,0.027864,0.02802,0.032889,0.033325,0.034776,0.038312,0.030965,0.03175,0.034359,0.02789,0.028597,0.030439,-0.683273,1.741733,-0.155234,6.216512,0.001498,7.668895,0.00529,10.33796,0.003185,8.230434
2024-04-26,533.0,540.45,528.5,535.7,353173.0,98.621519,100.851466,99.121103,101.362346,2.7,0.885122,11.95,-0.0007,1.106461,0.80059,-0.093395,-2.486216,0.80059,0.005341,2.222439,0.395863,1.407056,2.601178,0.395863,0.315408,2.795987,0.203761,0.409838,1.634259,0.203761,0.312958,3.233747,0.176935,2.765685,14.149343,0.176935,0.185485,2.879617,0.242962,2.326761,12.081851,0.242962,0.016513,0.016889,0.018563,0.025083,0.026116,0.031305,0.033008,0.034353,0.037884,0.030965,0.031751,0.034355,0.027884,0.028595,0.030438,0.225973,0.877278,-0.041176,4.635899,0.000822,7.661053,0.004978,10.331897,0.003023,8.220276
2024-04-29,539.95,544.7,532.5,539.05,639859.0,99.12796,101.399061,98.962732,101.230047,0.9,0.62535,12.2,0.310989,0.991697,0.316993,-1.314764,1.700344,0.316993,-0.041516,2.197621,0.303449,1.506861,3.020549,0.303449,0.49108,2.514489,0.053399,1.158388,0.827278,0.053399,0.328567,3.231426,0.091843,2.757465,14.143068,0.091843,0.191298,2.879324,0.150748,2.321451,12.068836,0.150748,0.01468,0.016112,0.016535,0.024296,0.025074,0.030539,0.031745,0.033566,0.037195,0.030971,0.031765,0.034374,0.027884,0.0286,0.030443,0.071464,0.776556,-0.007732,4.586073,-0.0192,6.119431,0.004407,10.321509,0.002979,8.219464
2024-04-30,544.35,551.0,533.05,537.55,565139.0,98.793103,102.119876,97.558984,100.844198,6.8,-0.278267,17.95,0.238382,1.025127,-0.503986,-0.910066,-0.295078,-0.503986,0.029735,2.163747,-0.142347,1.495353,3.163709,-0.142347,0.405206,2.464492,-0.277328,1.276445,1.25212,-0.277328,0.269002,3.186405,-0.171751,2.884391,15.275134,-0.171751,0.189341,2.879511,-0.162392,2.323038,12.071366,-0.162392,0.016354,0.017882,0.018541,0.02405,0.024822,0.03025,0.031257,0.033083,0.03683,0.030605,0.031416,0.034087,0.02791,0.02863,0.030473,-0.114254,0.8146,-0.037352,4.40132,-0.01238,5.920334,0.007289,10.007373,0.002898,8.222136
2024-05-02,540.95,581.9,535.95,559.6,3743567.0,92.962708,100.932923,96.167726,104.412725,18.65,4.101944,45.95,0.808441,2.029723,1.622636,1.254187,2.201682,1.622636,-0.090303,1.825976,2.295893,0.75114,0.264466,2.295893,0.524503,2.49662,1.432914,1.163311,0.866111,1.432914,0.311646,3.209027,1.181136,2.800725,14.628328,1.181136,0.213489,2.892005,1.344553,2.280485,11.750951,1.344553,0.026742,0.029222,0.029913,0.02484,0.026497,0.031634,0.031743,0.033651,0.03682,0.030912,0.031777,0.034386,0.028118,0.02888,0.030707,0.962438,1.443247,0.123027,2.664222,-0.009236,6.090688,0.009305,10.122739,0.003343,8.284618
2024-05-03,563.0,596.7,560.15,576.15,2566687.0,94.352271,100.508792,96.556058,102.856378,13.15,2.95747,36.55,1.658324,1.807921,0.718585,0.561032,-1.674174,0.718585,0.201465,1.823319,1.511532,0.698341,-0.308006,1.511532,0.483709,2.438024,1.014658,1.191388,1.116839,1.014658,0.335641,3.219841,0.814273,2.755503,14.310481,0.814273,0.217344,2.89516,0.94645,2.271718,11.677264,0.94645,0.030471,0.033806,0.034966,0.025634,0.027583,0.032736,0.031559,0.033461,0.036624,0.031087,0.031985,0.034582,0.028226,0.029024,0.030857,0.762129,1.453183,0.122552,2.658886,0.007442,5.81355,0.011026,10.162406,0.00405,8.285362
2024-05-06,580.0,582.1,553.35,569.9,861439.0,99.639237,104.81612,97.90414,102.990874,10.1,-1.084787,28.75,1.264342,2.192318,-1.071528,0.427341,-2.083654,-1.071528,0.19361,1.82877,-0.699047,0.699851,-0.324477,-0.699047,0.45439,2.448077,-0.628729,1.20861,1.112231,-0.628729,0.319592,3.22291,-0.435749,2.761998,14.301809,-0.435749,0.215816,2.89577,-0.449139,2.271629,11.669909,-0.449139,0.032825,0.036435,0.038094,0.026368,0.0285,0.033623,0.031529,0.033387,0.036638,0.031192,0.032108,0.034729,0.028288,0.029099,0.030945,-0.018454,3.844324,0.086348,2.929266,0.003501,5.870666,0.010294,10.194987,0.003706,8.29778
2024-05-07,566.0,566.25,539.05,555.6,1359605.0,99.95585,104.999536,98.119205,103.070216,10.4,-2.509212,27.2,0.637429,2.78798,-1.128646,0.327633,-2.194961,-1.128646,-0.046851,1.853241,-1.328679,0.840275,0.114995,-1.328679,0.416357,2.479482,-1.179911,1.176573,1.021269,-1.179911,0.321753,3.220919,-0.878931,2.766795,14.334938,-0.878931,0.217294,2.894295,-0.942028,2.275088,11.693098,-0.942028,0.034861,0.038629,0.040884,0.02695,0.029211,0.034403,0.031642,0.033529,0.036812,0.031253,0.032216,0.034873,0.028275,0.029108,0.030981,-0.964862,4.356349,0.080995,3.044648,-0.006073,6.017193,0.006768,10.232411,0.002844,8.308107
2024-05-08,555.0,581.1,551.4,579.45,924981.0,95.508518,100.652884,99.716056,105.087051,24.45,4.292657,29.7,1.551614,3.139859,0.872983,-0.610136,-2.561122,0.872983,0.216213,2.075586,1.963996,0.71284,-0.418299,1.963996,0.531901,2.523314,1.490403,1.059277,0.632285,1.490403,0.380403,3.239426,1.2077,2.68526,13.758469,1.2077,0.232858,2.907835,1.396159,2.241025,11.391283,1.396159,0.036534,0.039069,0.041101,0.027425,0.029331,0.034465,0.031672,0.033437,0.036716,0.031356,0.032259,0.034918,0.028329,0.029121,0.030981,-0.508526,7.369773,0.128434,3.544188,-0.001608,6.239231,0.007979,10.335897,0.003597,8.3701
2024-05-09,579.95,581.0,547.0,550.7,839973.0,99.819277,106.023766,94.784854,100.676417,29.25,-4.961602,34.0,-0.261095,3.838068,-1.224706,0.08839,-1.94283,-1.224706,0.037229,2.356047,-2.121702,0.138651,0.014851,-2.121702,0.420924,2.640146,-2.038723,0.864706,0.577021,-2.038723,0.328865,3.283153,-1.611398,2.583052,13.121021,-1.611398,0.198162,2.92824,-1.76207,2.201,11.149252,-1.76207,0.033301,0.033094,0.0351,0.028295,0.029733,0.034792,0.031876,0.033399,0.036702,0.031536,0.032341,0.035001,0.028428,0.02917,0.031024,-1.04607,9.59609,0.029232,5.244997,-0.014398,6.787791,0.004691,10.652964,0.003085,8.5
2024-05-10,554.9,564.35,549.65,555.4,497833.0,98.325507,100.955153,98.414105,101.04612,0.5,0.853459,14.7,-0.681897,3.497169,0.439028,0.410783,0.060843,0.439028,0.083541,2.362864,0.325841,0.074528,-0.035342,0.325841,0.430282,2.640847,0.160243,0.853037,0.559829,0.160243,0.351425,3.278884,0.153111,2.573652,13.130751,0.153111,0.211131,2.925355,0.219573,2.19562,11.164515,0.219573,0.029512,0.028398,0.030075,0.028122,0.029546,0.034447,0.031752,0.033245,0.036529,0.031546,0.032367,0.035031,0.028438,0.029184,0.031032,0.14241,9.743593,0.039155,5.252994,-0.013467,6.796823,0.003954,10.630543,0.00289,8.487064
2024-05-13,554.5,558.0,541.05,555.5,348470.0,99.37276,102.485907,99.551971,102.670733,1.0,0.018005,16.95,-0.461339,3.500182,0.136948,0.098102,-0.158491,0.136948,0.030717,2.351326,-0.005406,0.146151,0.04373,-0.005406,0.4234,2.641477,-0.153473,0.860489,0.565952,-0.153473,0.371666,3.27042,-0.108139,2.578588,13.229738,-0.108139,0.218937,2.922731,-0.068748,2.19454,11.190964,-0.068748,0.027469,0.025858,0.027391,0.02817,0.029611,0.034466,0.031652,0.033175,0.036319,0.031482,0.032324,0.03499,0.028451,0.029208,0.031064,0.161524,9.748837,0.053865,5.155823,-0.014604,6.793436,0.002327,10.584181,0.002597,8.477164
2024-05-14,557.0,565.95,549.0,556.55,752761.0,98.418588,101.457195,98.339076,101.375228,0.45,0.189019,16.95,0.078308,3.308254,0.033465,-0.606465,2.028546,0.033465,0.126204,2.314952,0.027134,0.040918,0.228256,0.027134,0.432429,2.639856,-0.092206,0.851745,0.562365,-0.092206,0.367973,3.270416,-0.054719,2.582052,13.241961,-0.054719,0.206263,2.917305,-0.005911,2.21676,11.333553,-0.005911,0.025425,0.023351,0.023551,0.027839,0.029355,0.034234,0.031591,0.033095,0.036177,0.031477,0.032317,0.034982,0.028458,0.029228,0.031071,-0.322767,8.547278,0.028472,5.0641,-0.016835,6.770439,0.002331,10.584134,0.00297,8.43871
2024-05-15,561.7,586.8,556.1,584.65,1056094.0,95.722563,101.007013,99.633606,105.133969,22.95,5.048962,30.7,0.229569,3.557051,1.354885,-0.256649,1.88386,1.354885,0.422653,2.547285,1.816173,0.066628,-0.113615,1.816173,0.519814,2.719328,1.665539,0.782771,0.217681,1.665539,0.39391,3.297311,1.411772,2.522177,12.674323,1.411772,0.23132,2.937302,1.640159,2.16869,10.908272,1.640159,0.025616,0.024052,0.024535,0.028133,0.029293,0.033753,0.031566,0.032875,0.035825,0.031573,0.032359,0.035009,0.02854,0.029286,0.03113,1.935669,2.628462,0.08291,5.935665,-0.005367,7.240852,0.006377,10.729652,0.003668,8.539769
2024-05-16,587.0,612.7,586.9,605.1,3039096.0,95.805451,100.017039,98.759589,103.101039,18.1,3.497819,25.8,1.921453,2.237817,0.704421,0.788009,-1.755314,0.704421,0.667367,2.597917,1.089508,-0.135089,-0.258816,1.089508,0.559718,2.748527,1.068973,0.738783,0.05848,1.068973,0.431297,3.311207,0.926104,2.464552,12.302858,0.926104,0.242683,2.94555,1.105103,2.14556,10.726522,1.105103,0.022965,0.023143,0.023908,0.027251,0.027824,0.031577,0.030442,0.031257,0.034437,0.031661,0.032434,0.035066,0.028586,0.02932,0.031165,1.031968,1.876345,0.098118,6.091613,0.004047,7.3999,0.007836,10.803286,0.004305,8.571112
2024-05-17,639.0,654.4,617.8,630.9,6528875.0,97.646699,103.431531,96.408924,102.120427,8.1,4.263758,36.6,2.603513,2.347927,0.707111,-0.368387,-2.954267,0.707111,1.011394,2.595702,1.252981,-0.305967,-0.111241,1.252981,0.507255,2.648504,1.418349,0.6559,-0.031229,1.418349,0.493128,3.324572,1.13417,2.397442,11.885138,1.13417,0.262334,2.959238,1.352181,2.108537,10.433715,1.352181,0.02676,0.028012,0.03703,0.027208,0.028014,0.031434,0.029789,0.030804,0.034865,0.031811,0.032657,0.035658,0.028665,0.029423,0.031475,1.180031,1.625266,0.09764,6.083792,0.028257,6.708001,0.008688,10.879352,0.004919,8.632657
2024-05-21,640.0,640.0,588.0,593.05,1717414.0,100.0,108.843537,92.664062,100.858844,46.95,-5.999366,52.0,1.400039,4.53139,-1.632922,-1.458078,1.6761,-1.632922,0.550585,2.974061,-2.202359,-0.472476,0.098447,-2.202359,0.414365,2.79267,-2.29663,0.400892,0.090325,-2.29663,0.437811,3.38617,-1.90102,2.246568,11.120769,-1.90102,0.239908,2.989607,-2.086988,2.022088,10.054864,-2.086988,0.034139,0.030974,0.039488,0.028593,0.028464,0.032042,0.030485,0.031043,0.035184,0.032204,0.032851,0.035877,0.028856,0.029505,0.031575,-1.316197,12.962044,0.032308,8.368079,0.008387,7.628377,0.004249,11.336441,0.003716,8.847027
2024-05-22,604.95,616.0,578.15,581.35,1518678.0,98.206169,104.635475,94.375,100.55349,23.6,-1.972852,37.85,0.967664,4.772553,-0.616131,-0.933763,-1.091519,-0.616131,0.498598,3.010229,-0.821017,-0.425522,-0.080612,-0.821017,0.371042,2.812898,-0.833267,0.427455,0.035832,-0.833267,0.418454,3.394435,-0.704478,2.243991,11.038651,-0.704478,0.225044,2.993198,-0.734297,2.027735,10.034593,-0.734297,0.037267,0.033864,0.042678,0.029437,0.029342,0.032871,0.030603,0.031326,0.034725,0.032365,0.032982,0.036042,0.028974,0.029615,0.031702,-2.354081,7.138413,-0.027167,8.583865,0.002229,7.753114,0.002529,11.401638,0.003501,8.873587
2024-05-23,588.5,601.4,582.4,585.0,1003391.0,97.855005,101.04739,97.27303,100.446429,3.5,0.627849,19.0,0.083442,4.202924,0.129531,-0.677644,-0.67598,0.129531,0.525752,3.008749,0.033933,-0.456078,-0.054159,0.033933,0.431731,2.784337,0.070436,0.393742,0.107044,0.070436,0.425722,3.394094,0.059553,2.238151,11.024334,0.059553,0.227193,2.993332,0.133849,2.025298,10.0263,0.133849,0.035424,0.032897,0.042355,0.029636,0.029609,0.033273,0.030032,0.030677,0.034135,0.032288,0.032884,0.035979,0.028998,0.029648,0.031747,-1.197655,11.262903,-0.031855,8.566201,-0.003969,7.5942,0.00234,11.400114,0.003557,8.873071
2024-05-24,586.0,599.05,583.0,588.45,632529.0,97.821551,100.51458,98.230532,100.93482,2.45,0.589744,16.05,-0.498174,3.793589,0.286778,-0.450237,0.67772,0.286778,0.492657,3.003981,0.032319,-0.422353,-0.056216,0.032319,0.464127,2.776393,0.045245,0.363772,0.123851,0.045245,0.436324,3.392922,0.045217,2.231097,11.014701,0.045217,0.235638,2.991953,0.118352,2.019997,10.026898,0.118352,0.034272,0.032262,0.04186,0.02969,0.029688,0.033351,0.029714,0.030314,0.033776,0.03231,0.03292,0.036011,0.029005,0.029665,0.031763,-0.072081,11.502664,-0.019479,8.560088,-0.007177,7.543466,0.001894,11.393811,0.003411,8.868247
2024-05-27,593.7,593.7,571.15,575.05,432200.0,100.0,103.948175,96.858683,100.682833,18.65,-2.277169,22.55,-1.806359,2.715574,-0.173374,-0.949769,0.670894,-0.173374,0.443395,3.042616,-0.894153,-0.384812,-0.221664,-0.894153,0.380526,2.795057,-0.950855,0.427077,0.105246,-0.950855,0.397504,3.401614,-0.786295,2.243324,10.98105,-0.786295,0.226313,2.996885,-0.835361,2.01653,9.969161,-0.835361,0.032308,0.028167,0.031026,0.02983,0.029696,0.033399,0.029802,0.030317,0.033796,0.03237,0.032947,0.036043,0.029046,0.029689,0.031794,1.000699,3.896676,-0.087226,8.541656,-0.010104,7.634839,0.000991,11.454452,0.002938,8.907637
2024-05-28,576.4,579.25,559.2,573.0,622869.0,99.507984,103.075823,98.921019,102.467811,3.4,-0.356491,20.05,-0.677784,1.382911,0.232331,-0.310062,-2.923228,0.232331,0.381314,3.045793,-0.242237,-0.316895,-0.270513,-0.242237,0.389903,2.791714,-0.267361,0.419439,0.114192,-0.267361,0.378878,3.400582,-0.216248,2.261665,11.049452,-0.216248,0.222901,2.997159,-0.193313,2.019389,9.973778,-0.193313,0.024805,0.0254,0.028221,0.030053,0.030003,0.033749,0.029561,0.030145,0.033472,0.032394,0.032996,0.036101,0.029081,0.029734,0.031842,0.032771,1.527805,-0.091678,8.533552,-0.014791,7.592232,0.001215,11.447089,0.002866,8.910666
2024-05-29,575.35,577.6,560.0,566.45,481901.0,99.610457,102.741071,98.069598,101.151786,8.9,-1.143106,17.6,-0.511835,1.229979,-0.513238,-0.656596,-0.883016,-0.513238,0.292892,3.063952,-0.468675,-0.222301,-0.381451,-0.468675,0.419054,2.767353,-0.564496,0.420908,0.1829,-0.564496,0.348388,3.400421,-0.438621,2.287578,11.137042,-0.438621,0.225623,2.995662,-0.456904,2.0205,9.99169,-0.456904,0.019857,0.021032,0.022981,0.030186,0.03011,0.033819,0.029426,0.030019,0.033378,0.03237,0.032969,0.036083,0.029072,0.029733,0.03184,-0.448815,0.80741,-0.109603,8.518989,-0.025722,7.367294,0.001236,11.445962,0.002374,8.910332
2024-05-30,565.05,603.3,562.0,594.1,1895344.0,93.659871,100.542705,98.475054,105.711744,29.05,4.881278,41.3,0.338851,2.748629,1.652615,1.449677,2.460403,1.652615,0.550869,3.226243,1.342245,-0.289001,-0.613534,1.342245,0.546798,2.82353,1.535128,0.345445,-0.020655,1.535128,0.393058,3.430503,1.308327,2.211841,10.556115,1.308327,0.243481,3.012754,1.539388,1.986838,9.679507,1.539388,0.026128,0.025509,0.025985,0.031339,0.030975,0.034517,0.029581,0.029933,0.033355,0.032605,0.033142,0.036239,0.029086,0.02967,0.031761,0.971713,4.155517,-0.053072,9.794558,-0.019937,7.730101,0.003969,11.637544,0.003233,8.996473
2024-05-31,596.0,598.9,585.05,587.2,1197094.0,99.515779,101.871635,98.046418,100.36749,8.8,-1.161421,13.85,-0.011382,2.819326,-0.407913,1.905376,3.926062,-0.407913,0.287701,3.134703,-0.462283,-0.129076,-0.480722,-0.462283,0.479545,2.823366,-0.581209,0.410973,0.019095,-0.581209,0.390875,3.431431,-0.452375,2.211644,10.547414,-0.452375,0.236105,3.014387,-0.463619,1.990513,9.672049,-0.463619,0.025865,0.024818,0.025154,0.029495,0.028669,0.032412,0.02909,0.029337,0.032834,0.032609,0.03314,0.03624,0.029088,0.029667,0.031759,0.746927,5.243082,-0.021464,9.319727,-0.019905,7.729462,0.002235,11.65281,0.003034,9.010421
2024-06-03,675.1,676.1,580.0,583.25,1015022.0,99.852093,116.396552,86.266824,100.560345,91.85,-0.672684,96.1,0.309515,2.577938,-0.381002,2.141749,4.654304,-0.381002,0.106193,3.076538,-0.253167,0.020368,-0.30581,-0.253167,0.461847,2.827846,-0.4012,0.42716,0.010762,-0.4012,0.381887,3.433044,-0.307182,2.216238,10.546023,-0.307182,0.236432,3.014284,-0.301603,1.99042,9.672888,-0.301603,0.047501,0.035253,0.071679,0.034954,0.030113,0.046029,0.031731,0.03031,0.039162,0.03385,0.033616,0.039301,0.029795,0.029951,0.033542,-0.06507,5.308143,0.00697,8.990219,-0.02327,7.724009,0.001504,11.666049,0.002751,9.015252
2024-06-04,586.0,588.85,513.05,540.05,1323546.0,99.516006,114.218887,91.71266,105.262645,45.95,-7.406772,75.8,-1.100541,4.351416,-1.449237,-0.185438,1.978084,-1.449237,-0.209906,3.500861,-2.055742,-0.260022,-0.262751,-2.055742,0.359238,3.016046,-2.574898,0.096849,0.342391,-2.574898,0.309006,3.520036,-2.19196,2.007716,9.67455,-2.19196,0.201919,3.061946,-2.48492,1.854191,9.184837,-2.48492,0.059469,0.050051,0.080218,0.038961,0.034562,0.049096,0.033689,0.032372,0.040852,0.034822,0.034596,0.040174,0.030353,0.030511,0.034059,-1.808129,8.609195,-0.119163,11.171084,-0.048491,8.424935,-0.003427,12.256964,0.001499,9.321152
2024-06-05,548.95,596.7,518.15,561.85,1548118.0,91.997654,105.944225,94.159544,108.433851,12.9,4.036663,78.55,-0.064587,4.918393,0.83386,-0.726239,0.093414,0.83386,0.117388,3.579684,1.094866,-0.435756,-0.283252,1.094866,0.323612,2.960254,1.254302,0.047497,0.406244,1.254302,0.347471,3.539686,1.042237,1.953237,9.317442,1.042237,0.219062,3.073807,1.241978,1.825755,8.967955,1.241978,0.070033,0.066172,0.090173,0.04282,0.040352,0.05269,0.034884,0.034342,0.042172,0.035825,0.035959,0.041221,0.030935,0.031294,0.03468,-0.793458,18.093318,-0.094802,11.874599,-0.026469,8.441936,-0.001284,12.402707,0.002132,9.385892
2024-06-06,565.6,582.0,561.0,562.8,601802.0,97.182131,100.819964,96.701031,100.320856,2.8,0.169084,21.0,-1.007026,4.12051,0.285428,-0.787033,2.088159,0.285428,-0.088791,3.442675,0.074906,-0.394318,-0.035701,0.074906,0.350542,2.952435,-0.06146,0.02216,0.441542,-0.06146,0.369451,3.531595,-0.056736,1.950778,9.378544,-0.056736,0.219215,3.073803,-0.016309,1.82561,8.967635,-0.016309,0.068112,0.064832,0.089568,0.042524,0.040357,0.052807,0.034878,0.034346,0.042245,0.035707,0.035838,0.041128,0.030967,0.031338,0.034734,0.737036,12.496439,-0.028138,11.233086,-0.030509,8.348692,-0.00283,12.340767,0.002113,9.386149
2024-06-07,564.8,564.8,553.25,554.65,958262.0,100.0,102.087664,98.202904,100.25305,10.15,-1.448117,11.55,-1.064365,4.125188,-0.093026,-0.715342,1.917527,-0.093026,0.086883,3.266049,-0.469987,-0.451294,0.526234,-0.469987,0.250506,2.926311,-0.580466,0.096813,0.549685,-0.580466,0.368171,3.532237,-0.514203,1.950548,9.372616,-0.514203,0.210277,3.07605,-0.539131,1.829609,8.954668,-0.539131,0.068049,0.064675,0.089475,0.041838,0.039922,0.052478,0.034526,0.03388,0.041787,0.035697,0.035816,0.041114,0.030975,0.031339,0.034732,0.602499,12.887729,-0.124496,9.618371,-0.026897,8.241372,-0.004934,12.331645,0.001882,9.402969
2024-06-10,559.7,564.65,553.05,556.5,406073.0,99.123351,101.202423,98.556628,100.623813,3.2,0.333544,11.6,-0.86312,4.173336,0.28674,-0.916895,1.944124,0.28674,0.060887,3.261693,0.083593,-0.427271,0.53043,0.083593,0.246772,2.926079,0.029655,0.100808,0.551418,0.029655,0.385866,3.527537,-0.014832,1.944378,9.397668,-0.014832,0.210754,3.076062,0.039918,1.829118,8.953326,0.039918,0.054463,0.059374,0.05888,0.04178,0.039831,0.052423,0.034478,0.033817,0.041761,0.035681,0.035815,0.041116,0.030982,0.031348,0.034745,0.999585,11.935045,-0.108869,9.712616,-0.026041,8.249478,-0.006048,12.288602,0.001904,9.402756
2024-06-11,562.0,563.6,548.0,549.5,468941.0,99.716111,102.554745,97.498226,100.273723,12.5,-1.257862,15.6,0.366663,2.204628,-0.73687,1.522702,2.541706,-0.73687,-0.002906,3.275026,-0.38319,-0.360955,0.428597,-0.38319,0.081274,2.764915,-0.484332,-0.008769,0.649905,-0.484332,0.395451,3.521692,-0.469466,1.948854,9.455971,-0.469466,0.218154,3.070708,-0.480676,1.835338,9.015003,-0.480676,0.040661,0.046705,0.045659,0.041745,0.039658,0.052282,0.033644,0.033189,0.041284,0.035662,0.035797,0.041113,0.030968,0.031341,0.034744,-1.042459,1.714867,-0.128385,9.641451,-0.013001,7.456662,-0.008602,12.216638,0.001241,9.376972
2024-06-12,554.5,569.9,551.65,567.55,1048875.0,97.297772,100.516632,99.587647,102.882262,13.05,3.284804,18.25,0.216291,1.895727,1.618647,1.289209,1.780455,1.618647,0.151883,3.356714,0.93333,-0.434128,0.204107,0.93333,0.115721,2.794317,1.134117,-0.018153,0.528673,1.134117,0.414674,3.532254,0.812549,1.920194,9.267575,0.812549,0.229501,3.077854,0.992673,1.816345,8.88106,0.992673,0.017104,0.01717,0.019663,0.041774,0.039568,0.052269,0.033471,0.032886,0.041078,0.035696,0.035817,0.041128,0.030994,0.031361,0.034766,0.64217,2.050263,-0.078388,10.499845,-0.001836,7.651344,-0.006299,12.318989,0.001819,9.414794
2024-06-13,571.3,573.4,561.15,566.5,375576.0,99.633764,101.808786,98.796652,100.953399,4.8,-0.185006,12.25,0.145473,1.904525,-0.173523,1.453561,2.210549,-0.173523,-0.109815,3.152655,-0.02385,-0.465879,0.603051,-0.02385,0.146086,2.782371,-0.118996,-0.046581,0.590189,-0.118996,0.399256,3.531465,-0.165445,1.9346,9.313636,-0.165445,0.244927,3.067941,-0.140137,1.826294,8.989553,-0.140137,0.015125,0.014241,0.015872,0.041248,0.039176,0.051962,0.033332,0.032724,0.040922,0.035689,0.035813,0.041131,0.030933,0.031338,0.034734,0.547748,2.301717,-0.005878,9.441124,-0.006998,7.576558,-0.006084,12.315687,0.001229,9.360166
2024-06-14,568.3,578.9,562.0,574.55,1294986.0,98.168941,101.120996,99.248575,102.233096,6.25,1.421006,16.9,0.719297,1.728435,0.405979,0.702447,0.3382,0.405979,-0.213656,3.060428,0.534128,-0.484606,0.899699,0.534128,0.044452,2.634311,0.522548,-0.230531,0.685604,0.522548,0.378761,3.519388,0.296144,1.965815,9.526137,0.296144,0.254334,3.068652,0.38019,1.816083,8.955724,0.38019,0.016164,0.01625,0.017467,0.041035,0.039063,0.051841,0.032924,0.03247,0.040692,0.035655,0.035822,0.041132,0.030939,0.031345,0.03474,0.324778,2.179028,0.072954,8.720946,0.011569,6.772932,-0.003616,12.251333,0.001298,9.363923
2024-06-18,583.0,583.65,569.05,576.15,450551.0,99.888632,102.451454,98.714983,101.247694,6.85,0.278479,14.6,0.708284,1.73168,-0.248202,0.728037,0.332399,-0.248202,-0.41292,2.877856,0.240248,-0.57156,1.479661,0.240248,0.10758,2.600454,0.065719,-0.285344,0.880848,0.065719,0.398915,3.512914,-0.034284,1.961391,9.570921,-0.034284,0.265175,3.064867,0.004341,1.813839,8.98762,0.004341,0.016628,0.01664,0.018805,0.040444,0.038205,0.04995,0.0328,0.032362,0.040676,0.035653,0.035832,0.04117,0.030891,0.031277,0.034686,0.120888,2.369744,0.15068,7.113028,0.004963,6.621984,-0.004958,12.196679,0.000979,9.343248
2024-06-19,576.35,604.4,570.35,594.95,3437730.0,95.359034,101.051986,98.436466,104.313141,18.6,3.263039,34.05,1.612465,1.625438,1.015465,0.095624,-2.833631,1.015465,0.050201,2.669257,1.203645,-0.611923,2.391459,1.203645,0.191394,2.633728,1.166273,-0.336296,0.765416,1.166273,0.443371,3.520819,0.800856,1.916037,9.360051,0.800856,0.276641,3.071798,0.972199,1.794934,8.856632,0.972199,0.021499,0.022259,0.023048,0.039583,0.038167,0.049714,0.033119,0.032717,0.04092,0.035813,0.036,0.041297,0.030971,0.03136,0.034749,0.041995,2.110111,0.114987,6.329056,0.009852,6.777578,-0.004215,12.257405,0.001532,9.380935
2024-06-20,598.0,600.05,585.3,591.0,682433.0,99.658362,102.169827,98.491792,100.97386,7.0,-0.663921,14.75,0.822719,1.568033,-0.948092,1.110623,0.600745,-0.948092,0.115647,2.632842,-0.296094,-0.695179,2.781944,-0.296094,0.132116,2.618612,-0.303992,-0.28324,0.816865,-0.303992,0.455606,3.514758,-0.318522,1.917994,9.41632,-0.318522,0.273722,3.072416,-0.305181,1.796592,8.854064,-0.305181,0.020748,0.021968,0.022593,0.038801,0.037411,0.048973,0.03311,0.032716,0.04091,0.035803,0.035994,0.041289,0.030979,0.031367,0.034757,0.08842,1.951347,0.072842,6.408841,0.013004,6.684771,-0.006285,12.197072,0.001338,9.386572
2024-06-21,590.0,607.0,590.0,599.25,1009733.0,97.199341,100.0,98.723229,101.567797,9.25,1.395939,17.0,1.138908,1.470383,0.174805,0.409824,0.418285,0.174805,0.154052,2.646274,0.469297,-0.726827,2.708818,0.469297,0.179407,2.619678,0.464382,-0.33535,0.834935,0.464382,0.482014,3.511773,0.260246,1.901238,9.398476,0.260246,0.264146,3.065879,0.369158,1.812886,8.974024,0.369158,0.021332,0.022438,0.023085,0.038749,0.037283,0.048789,0.033054,0.032653,0.040858,0.035812,0.036012,0.041305,0.030951,0.03135,0.034743,-0.099253,1.709919,0.099219,6.3253,0.013282,6.688725,-0.006757,12.171174,0.001964,9.339766
2024-06-24,599.25,599.25,579.4,586.55,1193497.0,100.0,103.425958,97.880684,101.234035,12.7,-2.119316,19.85,0.430844,2.041922,-1.248902,0.279783,-0.166818,-1.248902,0.018599,2.691742,-0.794249,-0.558205,2.174286,-0.794249,0.164659,2.6307,-0.8682,-0.323373,0.770363,-0.8682,0.451653,3.521088,-0.730163,1.908409,9.338066,-0.730163,0.25174,3.070499,-0.772206,1.814586,8.93356,-0.772206,0.021762,0.022426,0.023322,0.038841,0.037302,0.048807,0.033074,0.032678,0.040876,0.035771,0.035962,0.04114,0.030973,0.031366,0.03476,-0.666269,2.447727,0.073622,6.702979,0.004049,6.778757,-0.008039,12.220227,0.001623,9.372045
2024-06-25,588.3,605.25,588.0,597.2,727250.0,97.199504,100.05102,98.669971,101.564626,8.9,1.815702,17.25,0.738289,2.127192,0.506496,-0.366353,-1.11879,0.506496,0.223242,2.663451,0.597893,-0.777412,2.642507,0.597893,0.202429,2.640759,0.610913,-0.35918,0.734756,0.610913,0.473722,3.522668,0.380956,1.887404,9.266491,0.380956,0.262944,3.072104,0.505438,1.801415,8.881975,0.505438,0.022082,0.02271,0.02276,0.038687,0.037285,0.048769,0.03303,0.032605,0.040759,0.035761,0.035939,0.041104,0.030976,0.031367,0.034762,-0.435007,3.241495,0.063046,6.607111,0.007352,6.822878,-0.00774,12.235182,0.001754,9.380381
2024-06-26,601.65,633.5,597.2,617.7,3467365.0,94.972376,100.745144,97.505919,103.432686,16.05,3.432686,36.3,0.772218,2.17827,1.221367,-0.279301,-1.026691,1.221367,0.412701,2.753295,1.096862,-0.840345,2.254212,1.096862,0.249593,2.677456,1.18885,-0.363069,0.598089,1.18885,0.530721,3.523983,0.82349,1.846725,9.123379,0.82349,0.275969,3.080023,1.0249,1.780243,8.734752,1.0249,0.022276,0.023496,0.024193,0.039205,0.037861,0.049176,0.033321,0.032933,0.040986,0.035882,0.036111,0.041252,0.031063,0.031469,0.034855,0.861298,2.31222,0.099741,6.870817,0.017089,6.964579,-0.007643,12.245597,0.002312,9.421287
2024-06-27,621.1,625.75,603.0,606.45,549808.0,99.256892,103.001658,96.915701,100.572139,14.65,-1.821272,22.75,0.540748,2.417398,-0.977092,-0.150908,-2.351495,-0.977092,0.378793,2.777533,-0.792093,-0.79799,2.028372,-0.792093,0.247582,2.679003,-0.772248,-0.361456,0.589643,-0.772248,0.543224,3.513275,-0.673018,1.860785,9.235629,-0.673018,0.270454,3.082799,-0.678515,1.779432,8.70641,-0.678515,0.023462,0.024372,0.02493,0.0393,0.037915,0.049213,0.033258,0.032842,0.040921,0.035839,0.036066,0.041219,0.031092,0.031493,0.034877,-0.088242,4.659475,0.043262,7.266724,0.007391,7.02214,-0.011223,12.114711,0.001849,9.444728
2024-06-28,609.5,624.8,606.55,620.5,972986.0,97.551216,100.486357,99.31178,102.299893,11.0,2.316761,18.25,0.724912,2.531232,0.628883,-0.368182,-2.851945,0.628883,0.250567,2.61306,0.790718,-1.069958,2.67392,0.790718,0.311517,2.689668,0.745536,-0.420226,0.576896,0.745536,0.579227,3.512813,0.494628,1.83292,9.163118,0.494628,0.276353,3.085593,0.661269,1.770176,8.651033,0.661269,0.023572,0.024396,0.024762,0.038337,0.037096,0.048616,0.033139,0.032665,0.040622,0.035842,0.036078,0.041222,0.031087,0.03148,0.034869,0.523518,4.577565,0.142039,5.815857,0.009498,7.070842,-0.011277,12.110492,0.002285,9.455868
2024-07-01,618.9,618.9,607.05,609.7,288242.0,100.0,101.952063,98.513492,100.436537,9.2,-1.740532,11.85,0.800669,2.428406,-1.046448,-0.339577,-2.849353,-1.046448,0.221611,2.632665,-0.745307,-1.025845,2.451816,-0.745307,0.304636,2.694563,-0.758998,-0.413935,0.548983,-0.758998,0.541776,3.517424,-0.648858,1.854673,9.182241,-0.648858,0.270333,3.08836,-0.651111,1.770008,8.624142,-0.651111,0.022378,0.023177,0.023472,0.038296,0.037037,0.048579,0.032681,0.032001,0.039794,0.035782,0.035998,0.041162,0.03107,0.031456,0.034846,-0.822839,3.363595,0.0913,6.307216,0.000487,7.115406,-0.011791,12.132701,0.001862,9.478723
2024-07-02,613.45,614.35,605.5,607.5,406103.0,99.853504,101.312964,98.885,100.330306,5.95,-0.360833,8.85,0.365362,2.395827,-0.303108,0.488184,-2.467445,-0.303108,0.237204,2.628009,-0.227563,-1.049417,2.524068,-0.227563,0.349755,2.663354,-0.266802,-0.453878,0.725599,-0.266802,0.547064,3.515647,-0.258245,1.853403,9.195201,-0.258245,0.269492,3.08851,-0.204087,1.77055,8.623855,-0.204087,0.021346,0.022016,0.022264,0.032349,0.03465,0.034604,0.032322,0.031588,0.038665,0.035762,0.035974,0.041143,0.031069,0.031454,0.034844,-0.75063,3.465101,0.068859,6.403453,-0.008233,6.937467,-0.013195,12.091105,0.001698,9.481588
2024-07-03,609.6,651.0,604.0,645.1,1699202.0,93.640553,100.927152,99.093702,106.804636,35.5,6.1893,47.0,0.916685,3.38932,1.555656,1.155284,0.387082,1.555656,0.917007,2.282388,2.309989,0.608252,-0.266167,2.309989,0.409205,2.760076,2.09418,-0.297633,0.664576,2.09418,0.625034,3.553632,1.565797,1.770979,8.580015,1.565797,0.299538,3.116736,1.889721,1.728446,8.205643,1.889721,0.024689,0.022451,0.022044,0.028378,0.030549,0.030218,0.032624,0.031818,0.038829,0.035921,0.036036,0.041185,0.031214,0.031554,0.034925,1.334355,5.628983,0.033195,4.912194,0.012528,7.432972,-0.011149,12.398443,0.002568,9.643494
2024-07-04,646.15,651.95,636.0,645.6,490240.0,99.110361,101.595912,99.025999,101.509434,0.55,0.077507,15.95,1.296441,3.099866,-0.393221,1.172543,1.05698,-0.393221,0.71905,2.166314,-0.296145,0.8388,0.494574,-0.296145,0.429417,2.753738,-0.127793,-0.320205,0.708745,-0.127793,0.661757,3.52847,-0.165582,1.794868,8.816124,-0.165582,0.298063,3.116771,-0.070764,1.72982,8.208476,-0.070764,0.023555,0.021731,0.021287,0.02138,0.021469,0.022199,0.032547,0.031794,0.038732,0.035797,0.035938,0.041106,0.031227,0.031572,0.034936,0.345132,7.449105,0.07046,4.293198,0.00846,7.416508,-0.014032,12.16154,0.002546,9.644089
2024-07-05,646.8,646.8,632.0,635.0,298996.0,100.0,102.341772,98.175634,100.474684,11.8,-1.641884,14.8,0.504712,3.274722,-0.655505,1.919258,3.863809,-0.655505,0.628501,2.227495,-1.019255,0.838393,0.315013,-1.019255,0.394884,2.768933,-0.735578,-0.284844,0.61455,-0.735578,0.445338,2.946004,-0.708492,0.388859,1.576633,-0.708492,0.27002,3.108818,-0.614994,1.76089,8.379147,-0.614994,0.023024,0.020892,0.020469,0.021033,0.020844,0.021337,0.032565,0.031778,0.038724,0.034815,0.035414,0.040206,0.031128,0.031461,0.034844,0.063564,8.570961,0.028049,4.68749,0.002743,7.512085,-0.00368,8.580868,0.002809,9.59012
2024-07-08,635.0,639.45,621.85,629.4,278145.0,99.304089,102.114658,98.428337,101.214119,5.6,-0.88189,17.6,0.67644,3.14759,-0.495087,2.003813,4.221997,-0.495087,0.656813,2.203178,-0.698401,0.853752,0.391383,-0.698401,0.352213,2.771898,-0.445219,-0.238526,0.581568,-0.445219,0.331058,2.766401,-0.438457,0.093295,1.010916,-0.438457,0.269364,3.109048,-0.370291,1.76106,8.377317,-0.370291,0.02365,0.022096,0.021524,0.021184,0.021168,0.021593,0.032589,0.031807,0.038735,0.033047,0.033454,0.038652,0.031112,0.031446,0.034824,-0.88733,6.351152,-0.026317,4.588265,0.001837,7.52905,0.001653,7.574169,0.002484,9.597293
2024-07-09,639.45,645.8,628.55,630.35,428477.0,99.016723,101.73415,97.607618,100.286373,9.1,0.150937,17.25,0.778794,3.113565,-0.201652,1.919189,3.96118,-0.201652,0.647682,2.204966,-0.225285,0.864958,0.396373,-0.225285,0.381071,2.761925,-0.083323,-0.269295,0.644958,-0.083323,0.333738,2.766092,-0.066086,0.090401,1.012371,-0.066086,0.257904,3.105218,-0.034447,1.777027,8.459222,-0.034447,0.024434,0.023064,0.023428,0.021312,0.021268,0.0219,0.032556,0.031788,0.038772,0.032943,0.033316,0.038541,0.031078,0.0314,0.0348,-1.303612,4.356617,-0.038648,4.569116,-0.002663,7.474188,0.001275,7.573401,0.002794,9.568156
2024-07-10,631.2,636.65,612.0,626.75,429819.0,99.143957,103.137255,98.444985,102.410131,4.45,-0.571111,24.65,-0.573288,0.739117,0.002945,-0.613093,-0.596908,0.002945,0.68202,2.178923,-0.575115,0.87269,0.482746,-0.575115,0.351946,2.764178,-0.333935,-0.236707,0.62118,-0.333935,0.333677,2.766113,-0.327097,0.09046,1.012262,-0.327097,0.269393,3.097833,-0.27132,1.78365,8.536891,-0.27132,0.017449,0.019236,0.020306,0.021636,0.021918,0.02243,0.032673,0.031951,0.038909,0.032841,0.033174,0.038399,0.031042,0.031384,0.034786,0.049558,0.432123,-0.086147,4.263561,-0.003669,7.485065,0.000192,7.574834,0.002198,9.532478
2024-07-11,626.75,632.7,620.0,629.85,151607.0,99.059586,101.08871,99.54955,101.58871,3.1,0.494615,12.7,-0.489866,0.846649,1.162797,-0.25566,-0.962216,1.162797,0.54251,2.091056,-0.022905,1.097309,1.354235,-0.022905,0.349331,2.763976,0.052563,-0.233821,0.621327,0.052563,0.420206,2.629766,0.028295,0.351572,0.710203,0.028295,0.282086,3.093505,0.068702,1.780839,8.570306,0.068702,0.017025,0.018653,0.019818,0.021364,0.021776,0.022213,0.032661,0.031933,0.038884,0.032206,0.032759,0.038046,0.031,0.031343,0.034752,0.458378,0.153232,-0.047728,4.078147,-0.002664,7.485296,-0.004859,6.826841,0.001883,9.510102
2024-07-12,630.0,645.0,625.0,630.75,275062.0,97.674419,100.8,97.790698,100.92,0.75,0.142891,20.0,-0.132911,0.570836,0.483156,-0.477874,-1.891244,0.483156,0.558905,2.086332,-0.1994,1.080654,1.355268,-0.1994,0.357754,2.762666,-0.077774,-0.243441,0.631666,-0.077774,0.38148,2.604682,-0.0916,0.380226,0.84202,-0.0916,0.275548,3.092405,-0.042898,1.788872,8.602143,-0.042898,0.017966,0.020486,0.021682,0.021585,0.022106,0.022523,0.03265,0.031935,0.03888,0.031961,0.032514,0.037867,0.030994,0.031337,0.034739,0.239324,0.146131,-0.064924,3.994989,-0.004687,7.475103,-0.002845,6.709784,0.002039,9.501301
2024-07-15,632.95,639.0,626.1,634.8,172361.0,99.053208,101.094074,99.342723,101.389554,1.85,0.642093,12.9,0.171885,0.468661,1.0033,-1.103515,1.443938,1.0033,0.51996,2.076639,0.058813,1.154198,1.549201,0.058813,0.288557,2.709795,0.130466,-0.234207,0.824539,0.130466,0.40653,2.594907,0.090779,0.361667,0.880512,0.090779,0.235305,3.034165,0.134069,1.825785,9.313839,0.134069,0.017222,0.019717,0.021081,0.021391,0.021892,0.022343,0.031941,0.031067,0.038154,0.031842,0.032385,0.037491,0.030727,0.031043,0.034416,0.169631,0.118165,-0.050123,4.013274,0.005152,7.190601,-0.00405,6.65254,0.003362,9.122453
2024-07-16,642.0,645.0,631.0,641.9,248298.0,99.534884,101.743265,99.51938,101.727417,0.1,1.118463,14.0,0.36539,0.629865,1.195608,-0.636846,0.731249,1.195608,0.561959,2.07999,0.267551,1.082797,1.405584,0.267551,0.251777,2.685199,0.322764,-0.218142,0.937221,0.322764,0.367743,2.554266,0.293908,0.366083,1.049284,0.293908,0.241647,3.034682,0.288932,1.818656,9.289928,0.288932,0.016687,0.019481,0.020494,0.021323,0.021863,0.022228,0.031541,0.030564,0.037737,0.03155,0.032045,0.037183,0.030687,0.031001,0.034364,0.352663,0.068643,-0.045386,4.041549,0.01364,7.027341,-0.000845,6.458439,0.003436,9.1239
2024-07-18,641.9,660.0,616.2,621.65,681763.0,97.257576,104.170724,94.189394,100.884453,20.25,-3.154697,43.8,-0.151327,1.715074,-1.75116,-2.002805,4.213827,-1.75116,0.241072,2.135651,-1.590039,1.078593,2.001777,-1.590039,0.210379,2.72193,-1.236283,-0.201049,0.759165,-1.236283,0.332384,2.578438,-1.352401,0.371588,0.953528,-1.352401,0.223216,3.044092,-1.109662,1.813136,9.190704,-1.109662,0.022497,0.024891,0.025421,0.021888,0.022615,0.023024,0.031786,0.030823,0.03788,0.031658,0.032131,0.037262,0.030704,0.030994,0.034352,-0.632305,1.553563,-0.055832,4.229307,0.002352,7.259575,-0.002929,6.574708,0.002972,9.19071
2024-07-19,610.0,615.8,592.65,596.35,316489.0,99.058136,102.927529,96.841507,100.624315,13.65,-4.069814,23.15,-1.064213,2.373627,-1.266249,-0.597025,-2.723233,-1.266249,0.070777,2.337834,-1.771123,0.702252,1.362198,-1.771123,0.179167,2.762399,-1.538149,-0.215826,0.632459,-1.538149,0.297762,2.614184,-1.670723,0.348357,0.840915,-1.670723,0.221143,3.046886,-1.408309,1.806484,9.157702,-1.408309,0.024132,0.026222,0.027875,0.022235,0.022922,0.023641,0.031678,0.030647,0.037742,0.03166,0.03212,0.037278,0.030685,0.031,0.034379,-1.22222,1.519639,-0.131706,4.615423,-0.014379,7.435172,-0.006114,6.734469,0.001747,9.226925
2024-07-22,596.0,608.45,587.95,603.8,256162.0,97.953817,101.369164,99.235763,102.695807,7.8,1.249266,20.5,-0.842938,2.558646,0.8177,-0.646152,-2.872414,0.8177,0.063444,2.333684,0.508133,0.713304,1.405333,0.508133,0.118299,2.702797,0.418443,-0.233655,0.831725,0.418443,0.3251,2.609647,0.354134,0.32189,0.851451,0.354134,0.236993,3.043932,0.332555,1.797934,9.165571,0.332555,0.024403,0.026323,0.0277,0.022383,0.023153,0.023769,0.031498,0.030602,0.037693,0.031585,0.032051,0.037206,0.030676,0.031003,0.034373,-0.397393,4.921495,-0.093947,4.880314,-0.001788,7.158346,-0.006629,6.705541,0.001578,9.210897
2024-07-23,607.45,610.65,580.05,590.55,424957.0,99.475968,104.723731,96.708425,101.810189,16.9,-2.194435,30.6,-1.410244,2.459611,-0.318828,0.290586,-2.856866,-0.318828,0.059688,2.33744,-0.964356,0.71014,1.387212,-0.964356,0.173642,2.623834,-0.902526,-0.181601,1.041936,-0.902526,0.297283,2.621623,-0.950449,0.340822,0.803369,-0.950449,0.22894,3.048242,-0.795008,1.795847,9.118044,-0.795008,0.027499,0.029236,0.0305,0.022983,0.023817,0.024383,0.031384,0.030678,0.037748,0.031631,0.032067,0.037226,0.030743,0.031077,0.034435,-0.222183,4.741017,-0.160667,4.332134,-0.01967,6.666243,-0.007967,6.75129,0.001091,9.241351
2024-07-24,590.55,615.0,588.0,610.2,253672.0,96.02439,100.433673,99.219512,103.77551,19.65,3.327407,27.0,-0.968455,3.133442,1.370972,0.650926,-1.745289,1.370972,0.135273,2.420189,1.31896,0.657226,0.857824,1.31896,0.223121,2.659993,1.167028,-0.197355,0.875401,1.167028,0.326702,2.639071,1.137031,0.315582,0.704547,1.137031,0.230405,3.049667,1.015521,1.793247,9.093612,1.015521,0.029442,0.03042,0.030961,0.023441,0.024091,0.024573,0.031535,0.030758,0.037798,0.031644,0.032025,0.037167,0.030769,0.031101,0.034453,1.483959,3.450499,-0.086258,5.317052,-0.010584,6.910719,-0.006113,6.86391,0.001976,9.240947
2024-07-25,610.0,612.0,603.9,606.5,115204.0,99.673203,101.010101,99.101307,100.430535,3.5,-0.606359,8.1,-0.458787,2.886455,-0.051126,0.120265,-0.921005,-0.051126,-0.066679,2.295882,-0.235064,0.888647,1.906127,-0.235064,0.210634,2.66244,-0.306859,-0.182788,0.856812,-0.306859,0.317017,2.640716,-0.349669,0.325764,0.700149,-0.349669,0.198577,3.024789,-0.266113,1.838638,9.51842,-0.266113,0.023227,0.023418,0.024315,0.022134,0.022595,0.023082,0.031446,0.030628,0.037661,0.031549,0.031927,0.036995,0.030657,0.031037,0.034394,0.900505,5.043477,-0.044789,4.940818,-0.013038,6.91141,-0.006646,6.866844,0.002685,9.079575
2024-07-26,609.5,617.75,603.05,608.9,178492.0,98.664508,101.069563,98.567382,100.970069,0.6,0.395713,14.7,0.434318,2.063307,-0.01871,0.259163,0.236503,-0.01871,0.04417,2.259947,0.155554,0.795947,2.021965,0.155554,0.214768,2.662566,0.067959,-0.187606,0.857293,0.067959,0.323598,2.640078,0.027315,0.318479,0.700449,0.027315,0.20718,3.022881,0.062369,1.83415,9.528494,0.062369,0.021804,0.02234,0.021895,0.021809,0.022399,0.022891,0.031407,0.030571,0.037627,0.031499,0.031858,0.036908,0.030618,0.031008,0.034354,-0.011903,3.405506,-0.065887,4.707649,-0.012656,6.914116,-0.006951,6.860057,0.002485,9.07154
2024-07-29,609.1,614.9,606.0,607.2,214206.0,99.056757,100.511551,98.747764,100.19802,1.9,-0.279192,8.9,0.128627,2.025257,-0.201366,0.990541,1.967047,-0.201366,-0.085628,2.196202,-0.088136,0.999547,2.876595,-0.088136,0.108205,2.57016,-0.150729,-0.220542,1.131897,-0.150729,0.31401,2.640513,-0.224654,0.32929,0.702872,-0.224654,0.206922,3.02292,-0.160809,1.83433,9.528477,-0.160809,0.02015,0.020376,0.020167,0.021532,0.02216,0.022672,0.031098,0.030334,0.037423,0.031333,0.03163,0.036631,0.030609,0.030997,0.034346,0.089879,3.265176,-0.034624,4.542279,-0.001979,6.472791,-0.007093,6.860665,0.002347,9.074002
2024-07-30,607.2,618.15,598.8,602.1,462871.0,98.228585,101.402806,97.403543,100.551102,5.1,-0.839921,19.35,0.39953,1.701557,-0.728421,1.849228,3.494311,-0.728421,-0.040597,2.169556,-0.368427,0.991131,3.069049,-0.368427,0.02145,2.526244,-0.340969,-0.177361,1.331806,-0.340969,0.290584,2.640252,-0.428181,0.354748,0.716928,-0.428181,0.212987,3.019578,-0.348694,1.836257,9.567606,-0.348694,0.01698,0.017552,0.017367,0.021797,0.022582,0.023077,0.031,0.030304,0.037387,0.030722,0.030784,0.035943,0.030602,0.031004,0.034353,-0.800749,1.033841,-0.071529,4.301501,0.004091,6.250785,-0.007058,6.859716,0.00185,9.060861
2024-07-31,606.9,629.5,591.0,594.6,1186422.0,96.409849,102.690355,94.455917,100.609137,12.3,-1.24564,38.5,-0.51508,0.619023,-1.180183,0.603764,0.404866,-1.180183,-0.084837,2.185393,-0.531164,1.027607,2.985624,-0.531164,-0.088738,2.456623,-0.470932,-0.165003,1.617656,-0.470932,0.209259,2.559019,-0.568538,0.30817,0.786167,-0.568538,0.212057,3.020001,-0.482681,1.836227,9.562974,-0.482681,0.020742,0.023562,0.024697,0.023305,0.024454,0.025104,0.031078,0.030382,0.036767,0.03044,0.030594,0.035828,0.030689,0.031114,0.03447,-0.25142,0.180128,-0.093801,4.244593,0.011499,5.88676,-0.003973,6.46994,0.00144,9.067892
2024-08-01,597.4,608.8,582.35,604.55,588302.0,98.127464,102.584356,99.301905,103.81214,7.15,1.673394,26.45,-0.059129,1.148302,1.50877,0.863375,0.201927,1.50877,-0.310633,1.677244,1.182909,-0.268991,0.880563,1.182909,0.064717,2.315462,0.694754,-0.041497,1.912823,0.694754,0.239541,2.55824,0.560484,0.276501,0.776019,0.560484,0.22466,3.020817,0.479583,1.822889,9.518407,0.479583,0.023659,0.026951,0.028205,0.021851,0.023793,0.024583,0.030468,0.030245,0.036581,0.030477,0.030647,0.035889,0.030738,0.031178,0.034532,0.158891,1.004385,0.030382,2.641798,0.00117,5.253853,-0.004051,6.465472,0.001498,9.072226
2024-08-02,602.0,610.0,591.65,607.7,375122.0,98.688525,101.749345,99.622951,102.712752,5.7,0.521049,18.35,-0.034062,1.162,0.47772,0.752192,-0.338369,0.47772,-0.288456,1.685558,0.480259,-0.302579,0.816329,0.480259,0.114595,2.297466,0.176914,-0.095339,2.06624,0.176914,0.242819,2.55839,0.108752,0.272544,0.773648,0.108752,0.23504,3.018237,0.09476,1.818192,9.535203,0.09476,0.024191,0.027474,0.028889,0.021982,0.023924,0.024776,0.0301,0.029923,0.036235,0.030353,0.030633,0.035487,0.030748,0.031201,0.034554,0.41138,0.741728,0.048392,2.621186,-0.002746,5.171211,-0.003912,6.467156,0.001274,9.058795
2024-08-05,587.95,599.95,580.4,595.65,343654.0,97.999833,101.300827,99.283274,102.627498,7.7,-1.982886,19.55,-0.374801,1.462727,-1.099375,0.584725,-1.022809,-1.099375,-0.305506,1.701617,-0.985757,-0.289008,0.681197,-0.985757,0.062381,2.315162,-0.883423,-0.038718,1.915526,-0.883423,0.247056,2.554306,-0.873013,0.273459,0.790298,-0.873013,0.240498,3.013205,-0.73788,1.826528,9.599917,-0.73788,0.025476,0.028827,0.033444,0.022211,0.024284,0.026135,0.030108,0.029917,0.03646,0.03007,0.0303,0.035316,0.030753,0.031224,0.034648,-0.051924,1.706265,0.002816,2.750463,-0.006425,5.24418,-0.00684,6.420253,0.000444,9.033351
2024-08-06,625.0,642.25,610.55,619.45,3501793.0,97.31413,102.366719,96.449981,101.457702,5.55,3.995635,31.7,0.59231,2.385694,1.426556,0.533822,-0.633068,1.426556,-0.06163,1.946557,2.084329,0.019427,0.505138,2.084329,0.130499,2.380187,1.62388,-0.02939,1.54982,1.62388,0.297313,2.578253,1.43443,0.239161,0.673488,1.43443,0.28181,3.007734,1.234758,1.821848,9.575351,1.234758,0.027585,0.031391,0.041449,0.022924,0.025184,0.028983,0.030326,0.030213,0.037294,0.030021,0.030264,0.035578,0.030755,0.031237,0.034791,0.682627,3.621268,0.05516,3.498463,0.004122,5.548445,-0.005387,6.556736,0.000325,9.00088
2024-08-07,630.0,668.0,628.65,638.5,3167215.0,94.311377,100.214746,95.583832,101.56685,8.5,3.075309,39.35,1.4565,2.335553,0.693116,-0.682944,-0.054437,0.693116,0.084589,2.069327,1.445262,-0.016118,-0.026606,1.445262,0.237548,2.390035,1.18733,-0.107595,1.508844,1.18733,0.309037,2.588274,1.068771,0.232811,0.623622,1.068771,0.297057,3.014153,0.921736,1.79895,9.434713,0.921736,0.027194,0.031213,0.042811,0.024057,0.026619,0.030732,0.030585,0.030678,0.037868,0.030196,0.030498,0.035888,0.03085,0.031365,0.034959,0.627842,3.575478,0.10333,3.712999,0.005154,5.592491,-0.002763,6.625809,0.000704,9.038041
2024-08-08,640.0,712.0,638.0,688.15,10380297.0,89.88764,100.31348,96.650281,107.860502,48.15,7.776038,74.0,2.677029,3.68308,1.384442,0.19781,-0.037295,1.384442,0.501946,2.681368,2.712829,0.850454,1.742904,2.712829,0.400199,2.614927,2.820667,0.232801,1.592518,2.820667,0.395051,2.691075,2.742765,0.330221,0.672771,2.742765,0.340483,3.05892,2.430778,1.752594,8.802149,2.430778,0.038287,0.03982,0.049415,0.027709,0.029496,0.033316,0.031833,0.031762,0.038751,0.030718,0.030964,0.036207,0.031188,0.031668,0.035237,1.956817,3.193792,0.202854,5.462011,0.021437,6.605386,0.000985,7.168658,0.001638,9.301259
2024-08-09,719.0,724.6,671.85,695.7,5133088.0,99.22716,107.017936,96.011593,103.5499,23.3,1.097145,52.75,2.792248,3.606997,-0.469949,0.104775,0.471767,-0.469949,0.532073,2.684664,0.210481,0.810556,1.671204,0.210481,0.445004,2.607125,0.250138,0.186003,1.631467,0.250138,0.432029,2.674852,0.248655,0.308609,0.729145,0.248655,0.354097,3.056183,0.243129,1.745236,8.811922,0.243129,0.042552,0.044572,0.056819,0.029384,0.031338,0.036329,0.032367,0.032401,0.039769,0.030932,0.031233,0.036711,0.031332,0.031839,0.035529,0.994046,8.432085,0.211241,5.363335,0.019297,6.583608,-0.000414,7.083144,0.001455,9.286501
2024-08-12,693.75,707.45,680.0,700.65,1745759.0,98.063467,102.022059,99.038801,103.036765,6.9,0.711514,27.45,3.331128,2.833606,-0.924481,1.079942,0.96824,-0.924481,0.560504,2.683336,0.056277,0.776636,1.63991,0.056277,0.361608,2.527807,0.138422,0.192318,2.067405,0.138422,0.454203,2.667806,0.09645,0.289579,0.756232,0.09645,0.367916,3.051493,0.1126,1.742071,8.85067,0.1126,0.042948,0.045156,0.055354,0.02956,0.031536,0.036455,0.031979,0.032154,0.03957,0.030803,0.031063,0.036594,0.031352,0.031873,0.035557,-0.854641,4.962638,0.20766,5.406449,0.030789,6.064602,-0.001422,7.044334,0.001145,9.260678
2024-08-13,703.3,838.0,703.0,787.05,21252689.0,83.926014,100.042674,93.920048,111.955903,83.75,12.331407,135.0,4.998282,4.9695,1.475626,0.918413,-0.756398,1.475626,1.14497,3.759346,2.975633,1.554928,3.353984,2.975633,0.631465,3.031858,3.859,1.143437,4.45623,3.859,0.555505,2.915634,4.038881,0.809973,2.434163,4.038881,0.422702,3.165869,3.761591,1.781299,8.150821,3.761591,0.062334,0.062424,0.067943,0.037719,0.038875,0.043395,0.035232,0.035226,0.042283,0.032308,0.032416,0.037854,0.032221,0.03268,0.036329,1.144767,17.135761,0.377104,8.697656,0.055223,8.373239,0.006693,8.378594,0.003083,9.940937
2024-08-14,791.0,843.95,754.2,798.0,14218509.0,93.725932,104.879342,94.555365,105.807478,7.0,1.391271,89.75,4.661475,5.184815,-0.630727,1.015018,-0.953078,-0.630727,1.15861,3.75974,0.061882,1.542363,3.323341,0.061882,0.672744,3.027787,0.237311,1.107483,4.42995,0.237311,0.567295,2.916616,0.282511,0.797039,2.413273,0.282511,0.432343,3.165868,0.302896,1.772359,8.128752,0.302896,0.067317,0.069283,0.072127,0.040522,0.042588,0.046225,0.034102,0.036013,0.037793,0.032938,0.033284,0.038482,0.032549,0.033131,0.036674,-0.153527,21.458705,0.380204,8.622407,0.053817,8.380993,0.006981,8.380975,0.003083,9.940933
2024-08-16,790.0,816.0,765.05,810.0,2952650.0,96.813725,103.261225,99.264706,105.875433,20.0,1.503759,50.95,3.407019,4.99829,-0.380782,2.214892,4.926012,-0.380782,1.391533,3.620168,0.031,1.611906,3.752308,0.031,0.850955,2.795884,0.233488,1.720663,5.179327,0.233488,0.605096,2.903857,0.309472,0.777765,2.457688,0.309472,0.444719,3.16519,0.33459,1.762288,8.109972,0.33459,0.06295,0.066105,0.069238,0.040397,0.042515,0.046271,0.032496,0.034573,0.036388,0.033098,0.03349,0.038682,0.03265,0.033252,0.036794,0.149299,19.94174,0.31703,9.108448,0.035986,7.390946,0.005814,8.319896,0.003031,9.937719
2024-08-19,813.05,814.9,782.0,789.85,763738.0,99.772978,103.970588,96.926003,101.003836,23.2,-2.487654,32.9,2.690059,5.629678,-0.919718,1.741657,3.672395,-0.919718,1.470641,3.510161,-1.127668,1.834441,4.186211,-1.127668,0.720468,2.796418,-1.147226,1.797998,5.530333,-1.147226,0.52204,2.871854,-1.047997,0.818098,2.700414,-1.047997,0.433916,3.171519,-0.92119,1.758144,8.049338,-0.92119,0.060606,0.063146,0.063364,0.040449,0.042509,0.046099,0.030406,0.031792,0.034081,0.032722,0.033091,0.038339,0.032677,0.033264,0.036803,-1.722598,19.419929,0.175381,10.682446,0.035932,7.394676,0.007136,8.122641,0.002477,9.987789
2024-08-20,789.85,793.8,772.0,788.65,558414.0,99.502394,102.312176,99.351222,102.156736,1.2,-0.151928,21.8,2.517371,5.718091,-0.466816,1.779275,3.642865,-0.466816,1.400581,3.528746,-0.439961,1.866127,4.207793,-0.439961,0.714048,2.798077,-0.30949,1.801489,5.527742,-0.30949,0.532295,2.867552,-0.238609,0.81285,2.72178,-0.238609,0.459951,3.144988,-0.194557,1.809614,8.307323,-0.194557,0.060134,0.062576,0.06296,0.04036,0.042429,0.046086,0.030337,0.031704,0.03395,0.032687,0.033051,0.038321,0.032068,0.032525,0.03607,-2.884559,9.515882,0.148706,11.09417,0.032529,7.452293,0.005706,8.113501,0.001516,9.833834
2024-08-21,785.65,786.8,745.2,768.1,1202256.0,99.853838,105.428073,97.623284,103.073001,17.55,-2.605719,41.6,-0.470054,2.005832,-1.064728,-0.195333,-3.014226,-1.064728,1.380017,3.551921,-1.122135,1.825854,4.100643,-1.122135,0.690896,2.821028,-1.168586,1.758452,5.345863,-1.168586,0.470701,2.868149,-1.072615,0.852545,2.792415,-1.072615,0.47155,3.129264,-0.983384,1.8469,8.468551,-0.983384,0.040038,0.045428,0.044916,0.040428,0.042585,0.046347,0.030636,0.032078,0.034356,0.032639,0.032991,0.038251,0.031876,0.032329,0.035914,-0.964967,1.356369,0.03471,11.945277,0.019423,7.720472,0.005673,8.117205,0.000247,9.743128
2024-08-22,761.0,766.0,745.0,755.85,773210.0,99.347258,102.147651,98.674935,101.456376,5.15,-1.594844,21.0,-1.067277,1.740021,-0.303196,0.878577,-0.616493,-0.303196,1.133904,3.580303,-0.762156,1.969335,4.519327,-0.762156,0.652328,2.839137,-0.791499,1.756421,5.242082,-0.791499,0.44955,2.875569,-0.710953,0.864659,2.760903,-0.710953,0.483479,3.116729,-0.666828,1.87099,8.60502,-0.666828,0.027329,0.029651,0.031404,0.04015,0.042452,0.046277,0.030676,0.032129,0.034405,0.032633,0.032984,0.038258,0.031769,0.032217,0.035827,-0.631527,1.624486,0.02296,12.16011,0.013169,7.863367,0.004476,8.16952,-0.000733,9.663642
2024-08-23,759.1,760.6,724.6,729.6,623489.0,99.802787,104.761248,95.92427,100.690036,29.5,-3.472911,36.0,-2.062611,1.258381,-1.120726,0.843863,0.69931,-1.120726,0.990577,3.708711,-1.203515,1.794628,3.958784,-1.203515,0.608027,2.886439,-1.413832,1.663548,4.903652,-1.413832,0.344651,2.824451,-1.351612,0.869023,3.048172,-1.351612,0.432174,3.096818,-1.260999,1.904108,8.959444,-1.260999,0.024832,0.025011,0.026427,0.040635,0.042741,0.046555,0.030859,0.032244,0.034492,0.032282,0.03272,0.038038,0.031705,0.032187,0.035794,-0.341343,1.033788,-0.070329,12.902345,-0.001215,8.16459,0.006126,7.86648,-0.000373,9.541869
2024-08-26,739.7,739.7,718.0,720.15,490486.0,100.0,103.022284,97.357037,100.299443,19.55,-1.29523,21.7,-1.824126,1.270623,0.41625,-0.025142,-0.488449,0.41625,0.90603,3.742109,-0.58824,1.809236,3.902453,-0.58824,0.516427,2.872397,-0.630713,1.764366,5.287501,-0.630713,0.316074,2.826461,-0.570078,0.895285,3.068618,-0.570078,0.423846,3.099224,-0.55468,1.906941,8.943582,-0.55468,0.023624,0.02353,0.025791,0.040703,0.042669,0.046601,0.030839,0.032196,0.034487,0.032182,0.032543,0.037925,0.031689,0.032143,0.03577,-0.31538,1.092657,-0.112376,12.883316,0.000862,8.085497,0.00589,7.880088,-0.00064,9.555798
2024-08-27,725.05,761.9,719.45,749.95,2588003.0,95.163407,100.778372,98.431553,104.23935,24.9,4.138027,42.45,-0.966136,2.980277,1.712647,1.77131,3.497113,1.712647,1.126891,3.798405,0.792737,1.573732,3.028172,0.792737,0.602887,2.915591,1.212495,1.635447,4.634395,1.212495,0.374487,2.844607,1.323044,0.844076,2.870254,1.323044,0.414273,3.084674,1.207179,1.921479,9.149146,1.207179,0.027189,0.026775,0.028367,0.041379,0.043309,0.047158,0.031167,0.032505,0.034753,0.032268,0.032614,0.037961,0.03163,0.03213,0.035752,1.378711,3.303956,-0.084919,13.466711,0.007666,8.318419,0.006936,7.970785,0.000763,9.465697
2024-08-28,751.0,761.8,730.0,732.3,1538475.0,98.582305,102.876712,96.127593,100.315068,18.7,-2.35349,31.8,-0.91569,2.947542,-0.487796,1.773668,3.585059,-0.487796,1.051212,3.85432,-0.883347,1.536402,2.844303,-0.883347,0.527397,2.942714,-0.97899,1.648812,4.552269,-0.97899,0.285925,2.78921,-0.946295,0.873644,3.227146,-0.946295,0.402993,3.090674,-0.891871,1.917748,9.086536,-0.891871,0.025642,0.02437,0.025146,0.041554,0.043416,0.047249,0.031276,0.032588,0.034838,0.03211,0.032529,0.037876,0.031646,0.032134,0.035753,0.609365,6.207751,-0.165694,13.200134,0.002713,8.484841,0.00903,7.63396,0.000273,9.504254
2024-08-29,732.05,738.8,715.55,719.85,585196.0,99.086356,102.305919,97.43503,100.600936,12.2,-1.700123,23.25,-0.936746,2.953975,-0.258424,1.795007,3.6392,-0.258424,1.028488,3.869883,-0.705089,1.528725,2.795799,-0.705089,0.487825,2.959386,-0.739325,1.653839,4.481385,-0.739325,0.297703,2.778181,-0.719113,0.88257,3.297167,-0.719113,0.348721,3.030954,-0.675973,1.963748,9.854153,-0.675973,0.025991,0.024508,0.024846,0.040907,0.042586,0.046344,0.03132,0.032629,0.034797,0.032068,0.032496,0.037849,0.031389,0.031926,0.035557,0.248732,6.85704,-0.241265,12.291757,-0.003138,8.580756,0.005932,7.611782,0.001278,9.135307
2024-08-30,715.15,728.0,710.55,720.15,770306.0,98.23489,100.647386,98.921703,101.351066,5.0,0.041675,17.45,-0.233828,2.596083,0.106123,1.660049,2.770895,0.106123,0.946902,3.87277,-0.233741,1.594304,2.939478,-0.233741,0.423398,2.93268,-0.130162,1.750007,4.909872,-0.130162,0.307396,2.775552,-0.095736,0.875268,3.308195,-0.095736,0.347908,3.031015,-0.101033,1.964438,9.855269,-0.101033,0.023418,0.023281,0.023753,0.040601,0.042199,0.045972,0.030999,0.032316,0.034545,0.032076,0.032517,0.037865,0.031326,0.031839,0.035493,-0.316434,5.191455,-0.245179,12.24968,0.002609,8.427183,0.005038,7.605507,0.00121,9.136234
2024-09-02,729.95,746.9,722.1,732.8,1144204.0,97.73062,101.087107,98.112197,101.481789,2.85,1.756578,24.8,0.376534,2.64249,0.522252,0.598607,-0.873742,0.522252,1.008679,3.875473,0.192983,1.538442,2.798284,0.192983,0.471808,2.934343,0.437839,1.698549,4.768599,0.437839,0.301962,2.772141,0.524727,0.882148,3.344872,0.524727,0.375991,3.017824,0.457478,1.976387,9.987401,0.457478,0.023805,0.024933,0.025209,0.040647,0.042277,0.046094,0.031059,0.032412,0.034668,0.032101,0.032564,0.037915,0.031291,0.031833,0.035499,-0.236773,5.47408,-0.240336,12.347754,0.003083,8.436179,0.007106,7.565843,0.000786,9.059662
2024-09-03,736.85,768.35,735.0,762.25,2453391.0,95.900306,100.251701,99.206091,103.707483,25.4,4.018832,33.35,0.352695,2.600273,1.409905,0.557936,-1.002204,1.409905,1.308764,3.863984,0.701366,1.347571,2.307803,0.701366,0.524266,2.974373,1.174892,1.611184,4.269577,1.174892,0.351836,2.793831,1.312533,0.832347,3.116504,1.312533,0.377071,3.019094,1.206243,1.974302,9.964967,1.206243,0.021718,0.022119,0.022644,0.040839,0.042311,0.045564,0.031194,0.032483,0.034728,0.032137,0.032568,0.037915,0.031257,0.031785,0.035459,1.620135,0.159464,-0.244569,12.195031,0.013692,8.630912,0.008544,7.66661,0.001847,9.057991
2024-09-04,762.0,782.0,755.4,765.6,1382930.0,97.442455,100.873709,97.902813,101.350278,3.6,0.439488,26.6,0.91129,2.131293,-0.221369,0.518264,0.535362,-0.221369,1.130957,3.815351,-0.181233,1.534108,2.929474,-0.181233,0.575442,2.949872,-0.046088,1.612744,4.382245,-0.046088,0.37005,2.788346,0.024903,0.81975,3.141333,0.024903,0.385714,3.016774,0.017825,1.971035,9.98147,0.017825,0.020662,0.021786,0.022359,0.040537,0.041919,0.043951,0.031201,0.032544,0.034773,0.032151,0.032611,0.037945,0.03127,0.031809,0.035481,0.825638,2.270571,-0.214563,12.298311,0.007019,8.51745,0.007545,7.649686,0.001605,9.046835
2024-09-05,768.05,783.5,754.0,757.25,819562.0,98.028079,101.863395,96.649649,100.431034,10.8,-1.090648,29.5,1.033185,1.954713,-1.086519,0.905378,0.66236,-1.086519,0.922659,3.817331,-0.527412,1.694544,3.351835,-0.527412,0.517315,2.953566,-0.544414,1.662819,4.485447,-0.544414,0.359872,2.791835,-0.519558,0.826407,3.123492,-0.519558,0.357501,3.003973,-0.482078,2.010658,10.262606,-0.482078,0.021434,0.022935,0.023821,0.040042,0.041249,0.042842,0.031275,0.032645,0.034863,0.032164,0.032625,0.037924,0.031243,0.03182,0.035491,-0.358174,2.800147,-0.2156,12.297843,0.006136,8.541242,0.006409,7.682168,0.002012,8.965236
2024-09-06,761.0,761.4,741.0,745.9,543135.0,99.947465,102.699055,97.964276,100.661269,15.1,-1.498845,20.4,0.725081,2.249281,-0.988727,0.72578,-0.471246,-0.988727,0.458915,3.490303,-0.560914,2.200268,6.562257,-0.560914,0.418684,2.936516,-0.652994,1.769271,4.898328,-0.652994,0.334139,2.797036,-0.655331,0.846773,3.111333,-0.655331,0.351244,3.006542,-0.615354,2.010662,10.23498,-0.615354,0.021683,0.022663,0.023574,0.037409,0.038894,0.040547,0.030957,0.032257,0.034504,0.032161,0.032597,0.037882,0.031242,0.031806,0.035477,-1.162033,1.346773,-0.141982,10.902822,0.008532,8.435506,0.005738,7.71774,0.001644,8.985085
2024-09-09,736.05,756.95,731.55,746.7,366985.0,97.238919,100.615132,98.645881,102.070945,10.65,0.107253,25.4,0.395216,2.180065,-0.132089,1.507275,2.523486,-0.132089,0.409421,3.487794,-0.086636,2.251908,6.747526,-0.086636,0.457255,2.919108,-0.1199,1.769398,4.982412,-0.1199,0.352418,2.789434,-0.087891,0.837769,3.152946,-0.087891,0.351532,3.006515,-0.08125,2.010427,10.234658,-0.08125,0.021724,0.02239,0.023312,0.036297,0.03763,0.038171,0.030932,0.032268,0.034558,0.032116,0.032557,0.037871,0.031271,0.031841,0.035515,-0.976149,1.896412,-0.136928,10.933054,0.002313,8.349654,0.004358,7.687307,0.001562,8.985803
2024-09-10,746.0,753.75,730.8,747.3,568160.0,98.971808,102.079912,99.144279,102.2578,1.3,0.080354,22.95,-0.392479,0.84808,0.557534,-0.606707,-2.376311,0.557534,0.377863,3.487772,-0.085301,2.282025,6.849137,-0.085301,0.412527,2.907143,-0.114261,1.833809,5.234831,-0.114261,0.362022,2.7868,-0.101072,0.830479,3.164189,-0.101072,0.352368,3.006416,-0.090478,2.009796,10.234129,-0.090478,0.019971,0.022102,0.023061,0.036145,0.037451,0.038022,0.030941,0.032318,0.034604,0.032059,0.032492,0.037731,0.031292,0.031871,0.035538,0.047963,0.57079,-0.136859,10.933537,0.00598,8.275005,0.00345,7.678677,0.001456,8.986282
2024-09-11,751.95,762.2,743.85,753.8,431907.0,98.655209,101.088929,98.897927,101.337635,1.85,0.869798,18.35,-0.306418,0.967096,1.216235,-0.194345,-1.761446,1.216235,-0.195218,2.076344,0.512928,0.603136,0.001666,0.512928,0.464733,2.891083,0.140108,1.816967,5.271955,0.140108,0.384685,2.781565,0.174403,0.812902,3.181716,0.174403,0.355042,3.006638,0.171206,2.00668,10.222917,0.171206,0.018849,0.020721,0.021763,0.027581,0.029839,0.029939,0.030967,0.032378,0.034656,0.031835,0.03219,0.037312,0.031296,0.031876,0.035538,0.550009,0.1432,0.058908,3.98026,0.001783,8.190534,0.002685,7.653725,0.00153,8.986869
2024-09-12,763.0,777.95,750.0,758.45,437096.0,98.078283,101.733333,97.493412,101.126667,4.55,0.616875,27.95,0.035087,0.921334,0.631463,-1.507887,2.645259,0.631463,-0.233938,2.052283,0.414569,0.664105,0.205615,0.414569,0.484287,2.888691,0.045899,1.800831,5.246656,0.045899,0.417021,2.765067,0.072278,0.804927,3.277842,0.072278,0.352873,3.00629,0.087816,2.009505,10.234964,0.087816,0.018591,0.020705,0.022005,0.023598,0.02467,0.025685,0.031098,0.032559,0.03484,0.031716,0.032077,0.036801,0.031324,0.031916,0.035581,0.499398,0.180287,0.09556,3.697646,0.00012,8.177643,0.001004,7.568299,0.001674,8.983249
2024-09-13,765.0,790.95,760.0,764.25,1438094.0,96.719135,100.657895,96.624313,100.559211,0.75,0.764718,30.95,0.487799,0.370842,0.746729,-0.356392,-2.978059,0.746729,-0.27089,2.025831,0.511201,0.721366,0.432502,0.511201,0.375796,2.769459,0.140432,1.980254,6.707513,0.140432,0.3925,2.750824,0.135311,0.833938,3.429763,0.135311,0.337978,2.996771,0.1424,2.036437,10.437181,0.1424,0.020183,0.02335,0.025688,0.022597,0.023592,0.024814,0.030628,0.032321,0.03472,0.031642,0.03207,0.03683,0.031292,0.031913,0.035601,0.185145,0.041462,0.137263,3.272322,0.014751,7.471192,0.002908,7.484315,0.002247,8.918907
2024-09-16,772.45,801.45,772.05,787.5,1608157.0,96.381558,100.05181,98.259405,102.001166,15.05,3.042198,29.4,1.074788,1.140992,1.724297,1.822559,3.811707,1.724297,0.005603,2.083891,1.457176,0.523135,-0.111322,1.457176,0.43509,2.794565,0.932921,1.879537,6.19947,0.932921,0.432253,2.760182,0.94557,0.791652,3.301486,0.94557,0.357435,3.001654,0.894428,2.010899,10.2995,0.894428,0.020593,0.023571,0.026032,0.022476,0.023623,0.02502,0.03072,0.032397,0.034849,0.031647,0.032097,0.03684,0.031318,0.03194,0.035638,0.581861,0.364366,0.149592,3.381413,0.020294,7.567634,0.003678,7.531143,0.002472,8.944513
2024-09-17,790.0,790.0,730.3,736.35,1204333.0,100.0,108.174723,93.208861,100.828427,53.65,-6.495238,59.7,-0.24033,3.6358,-1.720366,-1.788789,3.80202,-1.720366,-0.311563,2.541587,-2.432998,-0.271976,0.805632,-2.432998,0.338022,2.948243,-2.31774,1.43491,5.285368,-2.31774,0.366453,2.845656,-2.411286,0.644551,3.002716,-2.411286,0.33257,3.037684,-2.247702,1.907925,9.874211,-2.247702,0.028293,0.026373,0.028556,0.024547,0.024445,0.025815,0.031375,0.032717,0.035171,0.031976,0.032251,0.036989,0.031461,0.031992,0.035686,-1.230475,7.547098,0.054235,6.038879,-0.001099,8.518042,-0.000648,8.016431,0.001165,9.176857
2024-09-18,741.2,751.85,733.5,742.65,625871.0,98.583494,101.049761,98.776352,101.247444,1.45,0.855571,18.35,-0.243175,3.63472,0.302292,-1.786922,3.798709,0.302292,-0.138498,2.494559,0.398495,-0.467819,1.21514,0.398495,0.372772,2.943807,0.164005,1.406145,5.262939,0.164005,0.362492,2.844687,0.173333,0.649214,3.014688,0.173333,0.331836,3.037539,0.172421,1.908903,9.878553,0.172421,0.028314,0.026408,0.028605,0.023672,0.023427,0.024638,0.031356,0.0327,0.035166,0.031979,0.032256,0.036992,0.031462,0.031996,0.035688,-0.678256,9.648886,0.034685,5.871682,-0.002869,8.490966,0.000179,8.011295,0.001344,9.174483
2024-09-19,742.5,751.75,723.5,741.0,508619.0,98.769538,102.626123,98.570003,102.418798,1.5,-0.222177,28.25,-0.410986,3.604327,0.052384,-1.605167,3.235814,0.052384,-0.069865,2.471155,-0.061636,-0.561874,1.45987,-0.061636,0.365309,2.944854,-0.199496,1.412399,5.266454,-0.199496,0.37319,2.840411,-0.209606,0.642568,3.040166,-0.209606,0.334671,3.036752,-0.18337,1.907783,9.884592,-0.18337,0.028477,0.026695,0.028424,0.023935,0.023812,0.024896,0.03144,0.032835,0.035211,0.032003,0.032316,0.037033,0.031488,0.032034,0.03572,-0.416042,10.046759,0.010495,5.797614,-0.004812,8.493897,-0.001171,7.986113,0.001093,9.17177
2024-09-20,742.5,753.75,726.9,732.15,619241.0,98.507463,102.1461,97.134328,100.722245,10.35,-1.194332,26.85,-0.802796,3.550651,-0.110272,-1.14413,2.037465,-0.110272,0.044064,2.35584,-0.525671,-0.639913,2.335767,-0.525671,0.352845,2.950212,-0.524429,1.415459,5.232567,-0.524429,0.352395,2.844234,-0.543812,0.660576,3.028005,-0.543812,0.332677,3.037628,-0.502698,1.907735,9.875012,-0.502698,0.028123,0.025879,0.026352,0.023541,0.023825,0.024852,0.031412,0.032781,0.035149,0.032049,0.032369,0.037075,0.031512,0.032061,0.03574,-0.22,9.988896,-0.059302,5.155552,-0.010775,8.505499,-0.001792,8.006098,0.000694,9.179444
2024-09-23,735.95,748.0,732.15,737.3,452746.0,98.389037,100.519019,98.569519,100.703408,1.35,0.703408,15.85,-1.270554,3.03394,0.650626,-1.852533,3.53644,0.650626,0.143996,2.338363,0.239232,-0.784614,2.656698,0.239232,0.357021,2.950564,0.117397,1.410563,5.219867,0.117397,0.353176,2.844321,0.123134,0.659686,3.026509,0.123134,0.340871,3.0364,0.119397,1.902251,9.874772,0.119397,0.026893,0.024585,0.024495,0.023377,0.02389,0.024746,0.031418,0.032791,0.03517,0.032046,0.032364,0.037072,0.031513,0.032066,0.035747,1.234739,4.314672,-0.071029,5.026795,-0.009603,8.512511,-0.001418,8.007585,0.000558,9.17259
2024-09-24,741.05,747.9,729.0,730.05,458665.0,99.084102,101.652949,97.613317,100.144033,11.0,-0.983318,18.9,-0.16817,0.93916,-0.867954,0.05667,-2.816878,-0.867954,-0.112071,2.150863,-0.405068,-0.992273,3.562247,-0.405068,0.334497,2.956525,-0.445731,1.423884,5.199893,-0.445731,0.346126,2.846775,-0.467,0.664609,3.012749,-0.467,0.307564,3.014013,-0.428293,1.949827,10.299407,-0.428293,0.018031,0.020429,0.020475,0.022339,0.022862,0.023832,0.031379,0.032713,0.0351,0.032021,0.032326,0.037037,0.031321,0.031874,0.035591,-0.275219,0.554126,-0.02407,4.375639,-0.013281,8.529488,-0.002594,8.017476,0.001165,9.034325
2024-09-25,733.65,736.45,708.15,713.25,450520.0,99.619798,103.600932,96.849752,100.720186,20.4,-2.301212,28.3,-0.799526,1.122147,-1.338226,0.039263,0.138836,-1.338226,-0.109457,2.148026,-1.020358,-0.995725,3.598103,-1.020358,0.275631,2.979488,-0.864861,1.438225,5.078949,-0.864861,0.282094,2.833424,-0.911726,0.710827,3.167341,-0.911726,0.29687,3.019478,-0.860441,1.946737,10.233994,-0.860441,0.019795,0.021182,0.021139,0.022225,0.022639,0.023627,0.031508,0.032791,0.035175,0.031725,0.031941,0.036694,0.031321,0.031859,0.035557,-0.394706,0.695786,-0.090734,4.109578,-0.018729,8.626751,-0.001891,7.945028,0.000705,9.070004
2024-09-26,716.8,733.75,708.1,711.5,781886.0,97.689949,101.22864,96.967632,100.480158,5.3,-0.245356,25.65,-0.804162,1.11921,0.499286,0.053667,0.213385,0.499286,-0.036719,2.115715,-0.098613,-1.131856,4.203659,-0.098613,0.248354,2.977857,-0.165794,1.468618,5.15478,-0.165794,0.250066,2.820951,-0.175622,0.746195,3.304593,-0.175622,0.292853,3.019663,-0.178235,1.950376,10.241317,-0.178235,0.019425,0.020607,0.021202,0.022323,0.022869,0.023984,0.031597,0.032904,0.03526,0.031569,0.031755,0.036519,0.031329,0.03187,0.035563,-0.110667,0.97761,-0.117791,3.791099,-0.017891,8.62362,-0.000583,7.877903,0.000663,9.071307
2024-09-27,714.3,721.15,694.0,698.55,516076.0,99.050128,102.925072,96.866117,100.65562,15.75,-1.820098,27.15,-0.929315,1.205415,-0.738985,0.329101,-1.192996,-0.738985,-0.129808,2.152718,-0.785189,-0.963502,3.497606,-0.785189,0.275046,2.952605,-0.709592,1.503609,5.349325,-0.709592,0.242713,2.82542,-0.73009,0.747659,3.274827,-0.73009,0.281152,3.02331,-0.695017,1.953321,10.209321,-0.695017,0.019715,0.020425,0.021018,0.022678,0.023161,0.02421,0.031225,0.032471,0.034868,0.031507,0.031658,0.036405,0.03135,0.031884,0.035576,-0.430905,0.791061,-0.14203,3.731746,-0.031092,8.342203,-0.002621,7.897444,0.000382,9.094214
2024-09-30,694.0,702.8,683.05,684.9,575949.0,98.747866,101.603104,97.453045,100.270844,9.1,-1.954048,19.75,-1.460806,0.834262,-0.59123,0.821312,-0.751083,-0.59123,-0.315339,2.141454,-0.765232,-0.765357,3.251839,-0.765232,0.317362,2.903824,-0.782213,1.59672,5.727906,-0.782213,0.248264,2.8205,-0.780823,0.750258,3.30743,-0.780823,0.285009,3.019946,-0.741423,1.958937,10.254735,-0.741423,0.020352,0.020961,0.021593,0.022547,0.022917,0.023883,0.031149,0.03241,0.034735,0.031414,0.031541,0.036269,0.031334,0.03188,0.035577,-0.146035,0.514143,-0.138306,3.72051,-0.046977,7.80397,-0.005594,7.849589,-0.000404,9.073925
2024-10-01,688.2,716.35,685.05,712.65,1147140.0,96.070357,100.45982,99.483493,104.028903,24.45,4.051686,31.3,-0.453806,2.639759,1.706782,1.794808,3.12773,1.706782,-0.313696,2.144964,2.035178,-0.753104,3.24728,2.035178,0.37341,2.948875,1.247349,1.50775,5.127396,1.247349,0.245855,2.81711,1.35097,0.750454,3.331025,1.35097,0.313129,3.028735,1.234363,1.92473,10.039199,1.234363,0.022604,0.022284,0.022688,0.022558,0.022902,0.023853,0.031244,0.032412,0.034753,0.031371,0.03152,0.036252,0.031364,0.031891,0.03559,1.099711,3.155934,-0.007486,4.368962,-0.035909,8.253422,-0.000884,7.856098,-0.000122,9.127322
2024-10-03,684.25,705.0,682.7,686.25,586371.0,97.056738,100.22704,97.340426,100.519994,2.0,-3.704483,22.3,-0.73446,2.94251,-1.00935,1.315907,2.107891,-1.00935,-0.520895,2.26516,-1.405459,-0.531975,1.969878,-1.405459,0.343209,2.983242,-1.35681,1.447136,4.881334,-1.35681,0.258426,2.796366,-1.417164,0.791023,3.422515,-1.417164,0.293645,3.042021,-1.3143,1.907337,9.877456,-1.3143,0.021787,0.022519,0.029992,0.022492,0.022817,0.025653,0.031058,0.032257,0.035138,0.031221,0.031477,0.036465,0.031379,0.031912,0.035739,-0.104647,6.904791,-0.044033,4.809933,-0.051792,8.163124,-0.006386,7.707482,-0.00074,9.205799
2024-10-04,689.9,692.9,668.3,671.35,538793.0,99.567037,103.232081,96.889883,100.456382,18.55,-2.17122,24.6,-1.119633,2.988174,-0.351917,1.857312,3.942662,-0.351917,-0.574923,2.29219,-0.696407,-0.455719,1.676058,-0.696407,0.233236,2.972319,-0.80895,1.544442,5.227797,-0.80895,0.228179,2.806206,-0.855033,0.80894,3.373192,-0.855033,0.289802,3.04466,-0.808308,1.904392,9.844249,-0.808308,0.021854,0.021401,0.028798,0.022425,0.022495,0.025342,0.030975,0.032186,0.035084,0.031256,0.03148,0.036465,0.031402,0.031927,0.035754,-0.245268,7.023033,-0.076605,4.796307,-0.0504,8.128991,-0.007469,7.749558,-0.001364,9.217403
2024-10-07,672.0,680.9,641.75,658.65,975793.0,98.692906,104.713674,96.732266,102.633424,13.35,-1.891711,39.15,-1.133955,2.992539,-0.253215,1.871315,3.981706,-0.253215,-0.594567,2.302186,-0.56344,-0.428529,1.57326,-0.56344,0.207529,2.985259,-0.703202,1.544162,5.145734,-0.703202,0.209082,2.814137,-0.746514,0.818492,3.326895,-0.746514,0.290374,3.044237,-0.716792,1.904926,9.849639,-0.716792,0.024986,0.02586,0.032019,0.023512,0.023984,0.026522,0.03136,0.032655,0.035479,0.031403,0.031658,0.036585,0.031443,0.031992,0.035795,-0.609823,6.420463,-0.110005,4.6327,-0.057456,8.046054,-0.008856,7.774828,-0.002035,9.207232
2024-10-08,658.0,737.8,655.55,731.2,3984025.0,89.184061,100.373732,99.105449,111.539928,73.2,11.014955,82.25,1.459845,6.10544,1.565016,1.220288,0.449039,1.565016,-0.049182,3.471999,3.186676,1.532744,5.085721,3.186676,0.419914,3.353908,3.159013,1.602019,4.06048,3.159013,0.317341,3.014464,3.548762,1.030706,3.392739,3.548762,0.342657,3.137235,3.401816,1.892758,8.964043,3.401816,0.039667,0.03374,0.038303,0.027996,0.026162,0.028469,0.032864,0.033382,0.036188,0.032144,0.032007,0.036916,0.031812,0.032162,0.035961,1.573931,24.866606,0.066927,11.303102,-0.031566,10.816222,-0.002449,8.991125,-0.000394,9.792514
2024-10-09,727.1,758.05,714.3,752.45,1628658.0,95.917156,101.791964,99.261262,105.340893,25.35,2.906182,43.75,1.230744,6.004528,0.279029,1.446055,1.610711,0.279029,0.09211,3.534483,0.796176,1.353741,4.246551,0.796176,0.483622,3.370569,0.718739,1.528028,3.79713,0.718739,0.295913,2.987989,0.873587,1.046074,3.595153,0.873587,0.344912,3.138922,0.815971,1.888748,8.933941,0.815971,0.041042,0.035994,0.040205,0.028814,0.026949,0.029149,0.033227,0.033742,0.036503,0.03218,0.032084,0.036966,0.031878,0.032222,0.036,2.640751,14.896359,0.111192,11.456853,-0.027428,10.976856,0.001957,8.835609,0.000307,9.803257
2024-10-10,743.05,757.0,740.3,744.55,596634.0,98.157199,100.371471,98.35535,100.574092,1.5,-1.049904,16.7,1.76166,5.559967,-0.50568,1.604783,2.219678,-0.50568,-0.003875,3.538316,-0.295629,1.437207,4.400065,-0.295629,0.479422,3.372383,-0.453485,1.528742,3.790801,-0.453485,0.250436,2.973336,-0.437334,1.094614,3.78223,-0.437334,0.340866,3.140202,-0.442892,1.889931,8.924545,-0.442892,0.040568,0.035248,0.035091,0.028784,0.026905,0.029278,0.033171,0.033674,0.036493,0.032104,0.032033,0.036943,0.031883,0.032234,0.036016,0.704053,23.73921,0.107157,11.511905,-0.034278,10.900817,0.003098,8.744325,1e-05,9.811565
2024-10-11,743.8,805.0,739.2,795.8,7117451.0,92.397516,100.622294,98.857143,107.656926,52.0,6.883352,65.8,3.572575,5.431852,0.609512,0.484337,-1.486306,0.609512,0.309449,3.859091,1.703485,1.168691,2.281212,1.703485,0.642002,3.481696,1.792618,1.37806,2.922729,1.792618,0.276632,3.020222,2.187495,1.102865,3.54102,2.187495,0.38488,3.169913,2.050048,1.841676,8.469124,2.050048,0.045564,0.039287,0.038838,0.030586,0.028013,0.030178,0.033527,0.033686,0.036431,0.032326,0.032077,0.036601,0.032069,0.032368,0.036132,0.548527,23.002251,0.215347,12.606012,-0.023434,11.765397,0.009471,8.955786,0.000646,9.996715
2024-10-14,798.0,804.0,763.4,798.2,1621671.0,99.253731,104.532355,99.278607,104.558554,0.2,0.301583,40.6,4.011234,4.947194,-0.749849,0.637307,-1.069509,-0.749849,0.286292,3.857605,0.003964,1.189956,2.325173,0.003964,0.614566,3.478806,-0.089968,1.405569,2.990589,-0.089968,0.339642,2.952944,-0.012888,1.213598,3.836856,-0.012888,0.388726,3.16934,-0.027496,1.839096,8.468308,-0.027496,0.044909,0.038632,0.039621,0.030906,0.028496,0.030723,0.033603,0.033808,0.036643,0.032074,0.032076,0.036612,0.032139,0.032466,0.036246,-1.744957,13.490035,0.222423,12.492117,-0.02171,11.761903,0.005682,8.605778,0.000505,9.993641
2024-10-15,800.0,821.95,793.1,814.4,1369597.0,97.329521,100.870004,99.081453,102.685664,14.4,2.029567,28.85,2.214156,3.025987,-0.061001,0.907515,0.981361,-0.061001,0.23566,3.826046,0.468867,1.247437,2.584863,0.468867,0.644736,3.484516,0.397424,1.373037,2.898683,0.397424,0.379666,2.948405,0.559591,1.184567,3.80858,0.559591,0.39906,3.171313,0.514143,1.826507,8.415694,0.514143,0.033183,0.032527,0.033814,0.030871,0.028461,0.030502,0.03364,0.033833,0.03664,0.031919,0.031938,0.036438,0.032143,0.032464,0.03624,-0.040174,7.322049,0.290841,11.094125,-0.018609,11.826894,0.005284,8.582891,0.000686,10.005373
2024-10-16,814.4,821.65,790.5,799.0,1004331.0,99.117629,103.023403,97.243352,101.075269,15.4,-1.890963,31.15,1.254727,3.478396,-0.904351,1.332132,1.65754,-0.904351,0.465874,3.526527,-0.668317,1.768904,3.390958,-0.668317,0.646574,3.483125,-0.728523,1.373958,2.904276,-0.728523,0.354478,2.957009,-0.759362,1.19566,3.774282,-0.759362,0.3901,3.175256,-0.718387,1.826377,8.381249,-0.718387,0.030886,0.030275,0.031627,0.029472,0.027956,0.029909,0.033683,0.033869,0.036369,0.031945,0.031954,0.036415,0.032117,0.032423,0.036197,-0.65359,8.825033,0.154183,11.024136,-0.031011,11.689251,0.004086,8.642556,0.000269,10.031599
2024-10-17,799.75,802.8,769.0,772.65,738682.0,99.62008,103.9987,96.244395,100.474642,27.1,-3.297872,33.8,0.805133,3.962358,-1.035496,0.92158,0.63832,-1.035496,0.258202,3.623337,-0.981436,1.756525,3.233945,-0.981436,0.500704,3.492716,-1.087571,1.443898,3.105508,-1.087571,0.315601,2.979356,-1.212837,1.18991,3.658371,-1.212837,0.375963,3.185385,-1.153341,1.814681,8.278627,-1.153341,0.032427,0.03099,0.031583,0.029849,0.0281,0.03003,0.033606,0.033637,0.035534,0.032008,0.031971,0.036425,0.03216,0.032449,0.036218,-2.2555,2.385671,0.106569,12.094525,-0.03209,11.74064,0.002059,8.784266,-0.000411,10.095379
2024-10-18,772.95,801.0,755.0,784.4,1618018.0,96.498127,102.377483,97.927591,103.89404,11.45,1.52074,46.0,-0.267389,2.270295,0.78762,-0.50174,-1.908818,0.78762,0.345348,3.632124,0.32361,1.666405,2.967369,0.32361,0.469613,3.47621,0.302377,1.484415,3.276302,0.302377,0.353581,2.970164,0.392961,1.169391,3.67308,0.392961,0.375542,3.185227,0.359534,1.815295,8.281817,0.359534,0.027916,0.030316,0.030693,0.030456,0.028919,0.030654,0.033586,0.033604,0.035204,0.032121,0.032175,0.03656,0.032246,0.032563,0.036302,-0.288912,3.956451,0.11702,12.077394,-0.023385,11.728479,0.001203,8.732448,-5.5e-05,10.094934
2024-10-21,783.1,783.9,757.05,765.35,447414.0,99.897946,103.440988,97.633627,101.096361,17.75,-2.428608,26.85,-0.813427,2.422463,-0.666751,0.436609,-2.872329,-0.666751,0.283634,3.669951,-0.73904,1.65053,2.859388,-0.73904,0.26552,3.33519,-0.807789,1.634804,4.332452,-0.807789,0.332859,2.982371,-0.92593,1.168132,3.604572,-0.92593,0.355869,3.190357,-0.872779,1.821568,8.257762,-0.872779,0.025947,0.027045,0.025797,0.030426,0.028765,0.030552,0.032402,0.03252,0.034149,0.032119,0.032143,0.036523,0.032257,0.032572,0.036312,-0.550465,4.08864,0.053081,12.701425,-0.012311,10.86946,-0.00088,8.804943,-0.000303,10.127176
2024-10-22,763.55,774.0,727.2,733.6,599628.0,98.649871,104.998625,94.780362,100.880088,29.95,-4.148429,46.8,-2.049026,2.172522,-0.966344,1.391281,2.339686,-0.966344,0.041042,3.798838,-1.10283,1.60839,2.64196,-1.10283,0.160609,3.390539,-1.2709,1.60555,4.128274,-1.2709,0.302806,3.012385,-1.477645,1.131383,3.439917,-1.477645,0.325597,3.204268,-1.396271,1.8119,8.151985,-1.396271,0.029356,0.029894,0.028556,0.031427,0.029705,0.031331,0.032199,0.032177,0.033213,0.032283,0.032289,0.036638,0.032327,0.032631,0.036361,-0.364567,3.510064,-0.003606,13.709177,-0.02066,11.176955,-0.004437,8.967319,-0.000742,10.214162
2024-10-23,729.0,754.9,714.5,744.85,583522.0,96.569082,102.029391,98.668698,104.247726,15.85,1.533533,40.4,-1.364127,2.708492,1.069843,0.384118,-3.003123,1.069843,0.166885,3.804801,0.359191,1.495219,2.35126,0.359191,0.177049,3.395255,0.399524,1.585053,4.054816,0.399524,0.269329,2.979411,0.424314,1.167086,3.728243,0.424314,0.331193,3.205401,0.375098,1.804961,8.123388,0.375098,0.031181,0.032237,0.030911,0.0321,0.03061,0.032086,0.032362,0.032359,0.033371,0.032171,0.032257,0.036602,0.032389,0.032703,0.03642,0.399364,5.549761,0.001541,13.752605,-0.01608,11.243351,-0.000931,8.7874,-0.000548,10.22222
2024-10-24,739.0,742.95,702.0,706.15,737724.0,99.468336,105.270655,95.046773,100.591168,32.85,-5.195677,40.95,-1.743688,3.145028,-1.097602,0.195866,-2.831016,-1.097602,0.022162,3.955678,-1.319076,1.321087,1.963532,-1.319076,-0.173493,2.996099,-1.676241,1.13219,3.23266,-1.676241,0.228986,3.02593,-1.792726,1.095268,3.491688,-1.792726,0.30993,3.227922,-1.70562,1.762239,7.906422,-1.70562,0.032721,0.033283,0.032116,0.032568,0.030893,0.032385,0.029119,0.029198,0.030081,0.03232,0.032353,0.036693,0.032465,0.032749,0.036466,-0.947069,6.119078,-0.114037,14.432624,0.001044,8.796848,-0.005044,9.043485,-0.001565,10.359216
2024-10-25,709.95,716.1,662.15,690.25,1331744.0,99.141181,107.218908,96.390169,104.243751,19.7,-2.251646,53.95,-2.498165,2.565158,0.096103,1.022633,1.370791,0.096103,-0.078153,3.988125,-0.544991,1.362146,1.958342,-0.544991,-0.246351,3.001559,-0.668084,1.191824,3.311197,-0.668084,0.213196,3.034789,-0.812196,1.096273,3.443425,-0.812196,0.297542,3.232996,-0.788491,1.763042,7.867349,-0.788491,0.035509,0.036428,0.036433,0.033889,0.032587,0.034043,0.028301,0.027963,0.02922,0.031336,0.03224,0.033775,0.032617,0.032935,0.036642,-0.069332,5.254414,-0.150743,14.354327,-1.4e-05,8.829171,-0.007064,9.076259,-0.00196,10.387194
2024-10-28,685.0,698.55,666.0,668.4,1001172.0,98.060268,102.852853,95.683917,100.36036,16.6,-3.16552,32.55,-2.645548,2.581282,-0.201439,1.282251,1.925106,-0.201439,-0.145424,4.03018,-0.74937,1.354024,1.86418,-0.74937,-0.339737,3.018586,-0.936128,1.24511,3.343957,-0.936128,0.255609,2.95583,-1.157417,1.30376,3.635438,-1.157417,0.282308,3.242133,-1.063444,1.756242,7.785133,-1.063444,0.036572,0.03778,0.037961,0.034102,0.032863,0.034383,0.028061,0.027628,0.028878,0.030359,0.031294,0.032844,0.032667,0.032986,0.036692,-0.181936,5.26421,-0.222353,13.786324,-0.002596,8.92822,-0.01369,8.493404,-0.00254,10.437365
2024-10-29,670.35,679.45,648.55,661.6,913862.0,98.660681,103.361345,97.372875,102.012181,8.75,-1.017355,30.9,-2.019333,2.504181,0.400122,0.326049,0.387412,0.400122,-0.098589,4.013464,-0.228921,1.336866,1.873742,-0.228921,-0.310331,3.004363,-0.235333,1.239814,3.409337,-0.235333,0.205069,2.933652,-0.41669,1.363387,3.907929,-0.41669,0.27627,3.243429,-0.398845,1.759452,7.781304,-0.398845,0.034831,0.03695,0.037189,0.034459,0.033374,0.034762,0.028121,0.027805,0.029008,0.029285,0.029865,0.031644,0.032719,0.033053,0.036745,-0.307162,4.828042,-0.263366,12.996215,-0.009451,8.82707,-0.012154,8.397153,-0.002748,10.442068
2024-10-30,658.35,679.95,654.0,671.95,430282.0,96.823296,100.665138,98.823443,102.744648,13.6,1.564389,25.95,-2.013162,2.51514,1.422407,0.340404,0.407152,1.422407,-0.222954,3.915431,0.456487,1.480565,2.571771,0.456487,-0.276004,3.015992,0.610212,1.195062,3.251626,0.610212,0.219022,2.936795,0.458107,1.345491,3.851725,0.458107,0.294237,3.240547,0.391956,1.749496,7.778905,0.391956,0.033229,0.034895,0.035331,0.034332,0.033426,0.03479,0.028215,0.02788,0.029049,0.029296,0.029853,0.031592,0.032659,0.032982,0.036671,1.475442,0.706881,-0.174079,13.556476,-0.004652,8.909776,-0.011369,8.430823,-0.002903,10.420547
2024-10-31,675.75,704.0,673.1,691.9,1005417.0,95.987216,100.393701,98.28125,102.793047,16.15,2.968971,30.9,-0.380232,2.581892,1.29719,0.39949,-2.015818,1.29719,0.110718,3.887374,0.735266,1.30038,2.12419,0.735266,-0.16451,3.031114,1.033772,1.098,2.961753,1.033772,0.263193,2.944674,0.918872,1.299062,3.702159,0.918872,0.315682,3.244,0.817907,1.727353,7.688089,0.817907,0.0319,0.034847,0.035343,0.034589,0.033633,0.033662,0.028095,0.027705,0.028815,0.029393,0.029971,0.031704,0.032697,0.033023,0.036711,1.517114,0.72966,-0.183452,13.237085,-0.002722,9.002355,-0.010745,8.488185,-0.002747,10.445763
2024-11-01,695.4,709.9,695.0,705.3,81210.0,97.957459,100.057554,99.352021,101.482014,9.9,1.936696,14.9,0.457436,2.501109,0.591442,-0.807627,-0.873588,0.591442,0.316114,3.868939,0.41887,1.160068,1.900219,0.41887,-0.09388,3.038242,0.668339,1.026879,2.801065,0.668339,0.279224,2.949421,0.561965,1.278043,3.630509,0.561965,0.332545,3.243615,0.494557,1.713647,7.656545,0.494557,0.024648,0.026297,0.026335,0.034365,0.03347,0.033514,0.028054,0.027626,0.028727,0.029394,0.029962,0.031691,0.032689,0.033019,0.036707,1.419076,0.976884,-0.193397,12.97663,-0.001281,9.045952,-0.009709,8.533556,-0.002769,10.44287
2024-11-04,708.4,708.4,672.05,680.9,574043.0,100.0,105.408824,96.118012,101.316866,27.5,-3.459521,36.35,0.398636,2.608718,-1.478948,-0.89338,-0.532294,-1.478948,0.237724,3.931406,-0.940438,1.130676,1.725051,-0.940438,-0.093612,3.037938,-1.107958,1.027258,2.80251,-1.107958,0.257208,2.969162,-1.251777,1.256271,3.518128,-1.251777,0.326329,3.249709,-1.164981,1.704204,7.597411,-1.164981,0.025366,0.025821,0.025694,0.034172,0.032855,0.033038,0.028108,0.027703,0.028813,0.029516,0.030059,0.031777,0.032734,0.033053,0.036742,-0.451203,5.03716,-0.282195,12.035331,-0.017475,8.98089,-0.012861,8.589938,-0.00372,10.461691
2024-11-05,679.1,687.5,658.35,662.55,865458.0,98.778182,103.151819,96.370909,100.637959,16.55,-2.694963,29.15,0.063115,2.925068,-0.942911,-0.502715,-2.868013,-0.942911,-0.447772,3.049737,-0.736847,0.551931,-0.012606,-0.736847,-0.121607,3.055635,-0.842167,1.02632,2.716633,-0.842167,0.19741,2.967787,-0.974589,1.298619,3.635671,-0.974589,0.306042,3.255867,-0.921722,1.709215,7.564132,-0.921722,0.024951,0.024578,0.024616,0.030816,0.031309,0.031384,0.028235,0.027896,0.028911,0.029566,0.030123,0.031819,0.032775,0.033093,0.036769,-1.49472,2.376444,-0.153923,8.048076,-0.026539,9.003492,-0.01278,8.583585,-0.004014,10.493954
2024-11-06,664.7,682.85,656.85,680.5,989376.0,97.342022,101.195098,99.655854,103.600518,15.8,2.709229,26.0,0.292083,3.11087,0.777,-0.577154,-3.054928,0.777,-0.45762,3.038635,1.042195,0.55575,0.024978,1.042195,-0.150182,3.021476,0.946363,1.048997,2.957538,0.946363,0.226352,2.978114,0.833708,1.261611,3.496579,0.833708,0.312804,3.259463,0.735221,1.699142,7.504452,0.735221,0.024941,0.024352,0.024451,0.030218,0.030686,0.030799,0.028007,0.027657,0.028693,0.029629,0.030178,0.031865,0.032799,0.033116,0.03679,-0.515114,7.211325,-0.055866,8.667861,-0.009446,8.92815,-0.01152,8.669898,-0.003497,10.530211
2024-11-07,685.0,686.7,653.0,655.95,793159.0,99.752439,104.900459,95.522062,100.451761,29.05,-3.607641,33.7,-1.02324,3.086333,-0.83737,0.588702,-3.061241,-0.83737,-0.585507,3.11767,-0.969357,0.591442,-0.141722,-0.969357,-0.175265,3.045253,-1.127124,1.027298,2.835971,-1.127124,0.176066,3.000112,-1.261189,1.263215,3.420172,-1.261189,0.277413,3.263429,-1.190482,1.71242,7.534567,-1.190482,0.025678,0.023298,0.02336,0.030819,0.030924,0.030917,0.028099,0.027613,0.028673,0.02973,0.030203,0.031902,0.032826,0.033132,0.036807,-0.491992,7.136247,-0.110218,8.829948,-0.022977,8.978144,-0.013073,8.768256,-0.003606,10.55337
2024-11-08,658.5,660.9,630.25,633.45,638988.0,99.636859,104.482348,95.846573,100.507735,25.05,-3.430139,30.65,-2.096607,2.709851,-0.492106,2.144735,4.642403,-0.492106,-1.101181,2.632461,-0.884708,0.234822,-1.528696,-0.884708,-0.209866,3.072637,-1.048049,1.012595,2.700185,-1.048049,0.13898,3.021678,-1.181171,1.256413,3.321247,-1.181171,0.268947,3.270869,-1.130919,1.702398,7.46438,-1.130919,0.028099,0.02495,0.024819,0.029314,0.029833,0.029877,0.028256,0.027665,0.028739,0.029827,0.030249,0.03191,0.03287,0.033158,0.036832,-0.085392,5.860049,-0.032927,6.547307,-0.03437,9.006266,-0.015154,8.847896,-0.004463,10.578687
2024-11-11,632.9,634.0,613.05,625.35,646319.0,99.826498,103.237909,98.635647,102.006362,7.55,-1.278712,20.95,-1.660445,2.609281,0.146298,1.629102,2.515198,0.146298,-1.180196,2.611775,-0.03772,0.332243,-1.428124,-0.03772,-0.236274,3.076103,-0.338883,1.035101,2.712075,-0.338883,0.093562,3.008351,-0.456155,1.306783,3.504436,-0.456155,0.268466,3.27109,-0.472985,1.702404,7.462613,-0.472985,0.025901,0.023831,0.023927,0.028832,0.029126,0.028882,0.028325,0.027749,0.028842,0.029692,0.03012,0.031819,0.032895,0.03319,0.036863,-0.330687,5.227971,-0.013314,6.474407,-0.036269,8.999217,-0.014102,8.793959,-0.004913,10.566072
2024-11-12,671.0,698.65,626.05,647.95,19724212.0,96.042367,107.179938,92.743147,103.498123,23.05,3.613976,72.6,-0.398657,3.391981,1.182976,0.352772,-2.866579,1.182976,-1.100976,2.735363,1.723702,0.413005,-1.30588,1.723702,-0.199126,3.11167,1.22542,0.997391,2.444236,1.22542,0.136341,3.027823,1.148559,1.254841,3.280801,1.148559,0.295974,3.275997,1.012822,1.676173,7.346581,1.012822,0.037468,0.039201,0.049186,0.032021,0.033165,0.036075,0.029681,0.02949,0.031839,0.030378,0.030985,0.033281,0.033201,0.033583,0.037498,0.413842,8.861899,0.105855,6.735527,-0.022329,9.385007,-0.01247,8.946465,-0.004739,10.603644
2024-11-13,650.55,659.0,636.95,645.45,2076150.0,98.717754,102.135175,97.943854,101.334485,5.1,-0.385832,22.05,-1.01767,2.934598,0.215306,1.124073,1.088402,0.215306,-1.025719,2.733189,0.234117,0.324646,-1.349344,0.234117,-0.287219,3.051589,-0.032315,1.091564,2.948376,-0.032315,0.118523,3.025578,-0.166697,1.274868,3.330479,-0.166697,0.300269,3.27453,-0.209527,1.674936,7.356002,-0.209527,0.037131,0.039239,0.04914,0.031926,0.033127,0.036046,0.029582,0.029495,0.031819,0.030399,0.031025,0.033303,0.033216,0.033611,0.037517,1.348773,3.251114,0.103598,6.739951,-0.012439,9.093732,-0.012017,8.942255,-0.005073,10.583155
2024-11-14,643.0,658.85,636.1,655.65,944286.0,97.594293,101.084735,99.514305,103.073416,12.65,1.580293,22.75,0.019917,2.697499,0.578453,0.146516,-0.508283,0.578453,-0.781811,2.73741,0.862897,0.109211,-1.451329,0.862897,-0.264403,3.061383,0.602569,1.062372,2.838548,0.602569,0.15552,3.020553,0.471693,1.249105,3.306013,0.471693,0.303586,3.275493,0.389775,1.670658,7.336966,0.389775,0.035849,0.03906,0.048924,0.031752,0.033131,0.036045,0.029586,0.029455,0.03178,0.030405,0.031038,0.033307,0.033196,0.03359,0.037428,1.091374,3.439002,0.10495,6.752511,-0.006265,9.176449,-0.012505,8.902206,-0.004789,10.598771
2024-11-18,650.0,667.8,645.0,645.9,1021718.0,97.334531,100.775194,96.720575,100.139535,4.1,-1.487074,22.8,0.40853,2.163274,-0.876266,0.923111,-0.64429,-0.876266,-0.932201,2.6864,-0.206549,0.264483,-1.279482,-0.206549,-0.272331,3.064079,-0.396446,1.066723,2.829749,-0.396446,0.122492,3.020273,-0.532921,1.279559,3.365857,-0.532921,0.298107,3.277578,-0.544665,1.67176,7.322423,-0.544665,0.034778,0.039166,0.049645,0.031095,0.032307,0.03564,0.029554,0.029431,0.031834,0.030427,0.031079,0.03338,0.033201,0.033597,0.037441,-0.245041,3.623715,0.131231,6.283292,-0.011165,9.174844,-0.012474,8.901166,-0.005161,10.600024
2024-11-19,649.85,697.05,642.4,691.65,5623441.0,93.228606,101.159714,99.225307,107.666563,41.8,7.08314,54.65,2.080901,3.407291,1.468098,0.718517,-0.295097,1.468098,-0.456614,3.200337,2.355925,0.581939,-0.188276,2.355925,-0.100692,3.229854,2.224197,0.996776,2.056177,2.224197,0.158996,3.082113,2.246557,1.273771,3.064051,2.246557,0.344859,3.307354,2.037363,1.630368,6.948624,2.037363,0.040111,0.04241,0.051883,0.032637,0.033394,0.036586,0.030269,0.029975,0.032317,0.030615,0.031137,0.033426,0.033353,0.033716,0.037543,0.583709,8.606276,0.222108,8.089755,0.003138,10.221268,-0.006333,9.371008,-0.004535,10.815346
2024-11-21,691.65,704.6,682.9,697.2,2538307.0,98.162078,101.2813,98.949759,102.094011,5.55,0.802429,21.7,1.518591,3.321963,-0.215584,1.56707,2.816686,-0.215584,-0.209071,3.089295,0.327421,0.483036,-0.06941,0.327421,-0.086788,3.232263,0.275107,0.981565,2.022236,0.275107,0.185233,3.076248,0.200633,1.257806,3.064182,0.200633,0.364229,3.298577,0.132845,1.631275,7.010152,0.132845,0.02848,0.027965,0.028229,0.031823,0.032742,0.036022,0.030247,0.029963,0.032243,0.030591,0.031137,0.033418,0.033319,0.033692,0.037521,0.787937,7.58666,0.181803,7.967567,0.005772,10.231634,-0.007151,9.326055,-0.004982,10.743487
2024-11-22,699.1,708.0,682.2,683.8,753991.0,98.742938,102.477279,96.581921,100.234535,15.3,-1.921974,25.8,1.211363,3.601405,-0.870032,1.356011,1.943394,-0.870032,-0.381847,3.083329,-0.499501,0.652252,0.111755,-0.499501,-0.126835,3.242537,-0.553622,1.007004,2.011764,-0.553622,0.142846,3.075783,-0.671315,1.29382,3.14084,-0.671315,0.361037,3.300488,-0.691719,1.630319,6.994184,-0.691719,0.028757,0.027767,0.028221,0.031352,0.032099,0.035517,0.030297,0.02997,0.032253,0.030621,0.031166,0.033447,0.033334,0.033712,0.037535,-0.471503,9.931462,0.184848,7.895465,0.001863,10.303045,-0.007111,9.323703,-0.005571,10.735293
2024-11-25,699.0,788.0,694.2,764.15,5326804.0,88.705584,100.691443,96.97335,110.076347,65.15,11.750512,93.8,3.245407,5.960942,1.426805,0.812851,-1.367029,1.426805,0.465463,3.908789,2.887096,1.443588,2.476604,2.887096,0.09078,3.650269,3.194212,1.251237,2.285505,3.194212,0.277756,3.281344,3.496359,1.397862,3.148761,3.496359,0.409766,3.395456,3.339978,1.644816,6.474943,3.339978,0.043549,0.04086,0.041927,0.034852,0.035187,0.038545,0.032086,0.03149,0.033783,0.031531,0.031937,0.034221,0.033723,0.034028,0.03785,1.747006,22.32221,0.282159,11.867537,0.032251,12.841371,-0.001357,10.658011,-0.003624,11.427707
2024-11-26,764.15,885.0,763.1,823.95,41909069.0,86.344633,100.137597,93.101695,107.974053,59.8,7.825689,121.9,5.107959,5.553567,0.489366,-0.258736,-1.688957,0.489366,0.96933,4.180195,1.640201,1.111707,0.959266,1.640201,0.234956,3.810328,1.992147,1.159561,1.612955,1.992147,0.359622,3.366273,2.217903,1.336507,2.674398,2.217903,0.453343,3.434398,2.14662,1.602425,6.078927,2.14662,0.058256,0.05753,0.059863,0.038731,0.039236,0.04285,0.034326,0.033974,0.036393,0.032752,0.033274,0.035622,0.03429,0.034651,0.038481,1.243318,21.582009,0.344404,12.656417,0.051739,13.670761,0.00274,11.212223,-0.002713,11.711585
2024-11-27,836.0,880.0,825.3,834.85,16801320.0,95.0,101.296498,94.869318,101.157155,1.15,1.322896,54.7,3.95591,5.638212,-0.466995,0.648184,-1.498521,-0.466995,1.19375,4.065434,0.031767,1.085896,1.090523,0.031767,0.246119,3.812729,0.282416,1.148659,1.58635,0.282416,0.310958,3.315945,0.305173,1.387464,3.013582,0.305173,0.467996,3.431811,0.24911,1.594295,6.077925,0.24911,0.056657,0.057922,0.06149,0.039157,0.039963,0.043826,0.03459,0.034344,0.036821,0.032669,0.033348,0.035782,0.034334,0.034718,0.038578,1.07886,23.103669,0.284168,13.016389,0.055596,13.602476,0.006845,10.846492,-0.002894,11.69053
2024-11-28,836.0,838.75,790.0,797.55,3024118.0,99.672131,105.822785,95.087928,100.955696,38.45,-4.467868,48.75,2.901851,6.756814,-1.090709,0.399488,-1.873329,-1.090709,1.021225,4.233929,-1.296454,0.965751,0.802746,-1.296454,0.095918,3.848094,-1.185986,1.192084,1.650211,-1.185986,0.265504,3.350154,-1.412882,1.357017,2.887893,-1.412882,0.46363,3.437555,-1.434595,1.583517,6.037197,-1.434595,0.058293,0.058731,0.062257,0.039483,0.039913,0.04383,0.034818,0.034455,0.036873,0.032833,0.033442,0.035872,0.034347,0.034712,0.038577,-1.551941,31.706586,0.168375,16.087205,0.051352,13.962515,0.003865,11.098851,-0.004243,11.697702
2024-11-29,797.55,799.8,760.5,767.65,1965077.0,99.71868,104.871795,95.980245,100.940171,29.9,-3.748981,39.3,2.536449,7.122409,-0.882487,0.388052,-2.190392,-0.882487,0.755556,4.362792,-1.03249,1.009369,0.688415,-1.03249,0.150843,3.770922,-1.034183,1.312246,1.784225,-1.034183,0.244433,3.368846,-1.185395,1.338131,2.8114,-1.185395,0.344886,3.158141,-1.29629,0.942478,2.272347,-1.29629,0.059007,0.05908,0.062521,0.039716,0.039982,0.043899,0.034439,0.034318,0.036714,0.032943,0.033527,0.035948,0.033892,0.034483,0.038135,-4.329254,3.098078,0.108806,17.688624,0.026164,13.792903,0.000324,11.235546,-0.001926,9.911616
2024-12-02,771.95,771.95,735.3,740.3,2001017.0,100.0,104.98436,95.899994,100.679995,31.65,-3.562822,36.65,-0.526217,5.203781,-0.583538,1.378466,1.054469,-0.583538,0.428967,4.432305,-0.900612,1.147333,0.862953,-0.900612,0.062475,3.805681,-0.952602,1.329305,1.756079,-0.952602,0.217624,3.38851,-1.115666,1.324949,2.735765,-1.115666,0.274341,3.085878,-1.243459,0.885857,2.262494,-1.243459,0.049938,0.05098,0.054437,0.039796,0.039803,0.043753,0.034622,0.034377,0.036785,0.03303,0.033549,0.035982,0.033038,0.033501,0.03734,-2.78489,6.152246,0.082063,18.439141,0.019151,14.11716,-0.00262,11.36146,-0.000972,9.471883
2024-12-03,748.0,755.5,732.55,739.7,1690244.0,99.00728,102.109071,97.90867,100.976043,8.3,-0.081048,22.95,-2.107565,2.562122,0.790952,0.694619,-2.25265,0.790952,0.328079,4.419124,-0.092581,1.231331,1.049351,-0.092581,0.065298,3.805517,-0.038456,1.327166,1.75265,-0.038456,0.215304,3.388636,-0.087455,1.32689,2.738682,-0.087455,0.274521,3.085856,-0.115226,0.885701,2.262434,-0.115226,0.031276,0.030443,0.032533,0.039909,0.039978,0.043927,0.034568,0.034288,0.036729,0.033041,0.03357,0.035975,0.032992,0.033443,0.037279,-0.190284,5.179161,0.098583,18.229077,0.018117,14.123974,-0.002838,11.361312,-0.001084,9.470981
2024-12-04,743.5,745.5,736.0,740.3,1074830.0,99.731724,101.019022,99.302482,100.584239,3.2,0.081114,9.5,-2.355921,2.177828,1.119021,0.498789,-3.119191,1.119021,0.505111,4.329414,-0.097934,1.212235,1.140636,-0.097934,0.090807,3.801174,-0.00255,1.311523,1.736508,-0.00255,0.221826,3.387734,-0.041536,1.322184,2.734235,-0.041536,0.277752,3.085311,-0.063733,0.883099,2.262377,-0.063733,0.026324,0.023024,0.023106,0.039315,0.039534,0.043507,0.034448,0.03414,0.036608,0.032965,0.033467,0.035883,0.032903,0.033321,0.037162,1.27659,0.534984,0.035251,17.765319,0.015069,14.112657,-0.003394,11.352376,-0.001239,9.46643
2024-12-05,744.0,744.5,732.0,739.85,541903.0,99.932841,101.639344,99.37542,101.072404,4.15,-0.060786,12.5,-1.474505,1.9934,0.709199,-0.609032,-3.29744,0.709199,0.63682,4.26655,-0.163506,1.188216,1.210675,-0.163506,0.075523,3.800197,-0.035869,1.325013,1.764586,-0.035869,0.216272,3.387738,-0.081783,1.327187,2.743255,-0.081783,0.318239,3.026624,-0.12523,1.004837,2.317672,-0.12523,0.02133,0.019211,0.019838,0.038949,0.03917,0.043235,0.03443,0.034112,0.036587,0.032958,0.033458,0.035883,0.032585,0.03311,0.036979,1.102033,0.749965,-0.023361,17.275132,0.016212,14.097928,-0.003397,11.352385,-0.002561,9.092784
2024-12-06,743.5,764.85,733.0,755.75,1286790.0,97.208603,101.432469,98.810224,103.103683,12.25,2.149084,31.85,-0.294892,2.055134,1.189205,-0.970897,2.493469,1.189205,0.608813,4.25405,0.362072,1.216533,1.303051,0.362072,0.138171,3.808196,0.528049,1.269156,1.632495,0.528049,0.236334,3.393235,0.563695,1.304554,2.674312,0.563695,0.308907,3.018033,0.609727,1.014615,2.380788,0.609727,0.020059,0.019705,0.020181,0.039019,0.039336,0.04335,0.034551,0.034275,0.036712,0.033003,0.033503,0.035912,0.032486,0.033013,0.036901,1.144407,0.759523,0.030965,17.160214,0.018498,14.14105,-0.002293,11.394519,-0.001731,9.052995
2024-12-09,773.05,788.0,763.0,780.65,2156327.0,98.102792,101.317169,99.067259,102.313237,7.6,3.29474,25.0,1.076621,1.556852,1.424746,0.898512,-1.620636,1.424746,0.953932,4.173195,0.560915,1.088206,1.125426,0.560915,0.25009,3.817261,0.797601,1.186055,1.436997,0.797601,0.26286,3.40678,0.889955,1.272658,2.548442,0.889955,0.334695,3.021416,0.979688,0.99213,2.325073,0.979688,0.017512,0.019587,0.022138,0.038672,0.0393,0.043551,0.034499,0.034282,0.036841,0.033037,0.033545,0.036015,0.032445,0.03297,0.036759,0.881955,0.383343,0.00276,16.544522,0.019952,14.197154,-0.00023,11.490046,-0.001613,9.074641
2024-12-10,780.6,809.75,767.25,807.05,2768346.0,96.400123,101.73998,99.666564,105.187357,26.45,3.381797,42.5,1.76919,1.678581,0.960697,-0.276603,-3.034908,0.960697,1.294529,4.07334,0.512422,0.976102,1.051167,0.512422,0.322633,3.842038,0.796235,1.115803,1.235032,0.796235,0.285494,3.420015,0.905348,1.245338,2.4344,0.905348,0.326618,3.011031,1.014662,0.996974,2.38608,1.014662,0.021159,0.022427,0.024384,0.038824,0.039602,0.043816,0.03467,0.034402,0.036926,0.033169,0.033661,0.0361,0.03237,0.032863,0.036644,0.995689,0.271313,-0.031778,15.728914,0.026107,14.324094,0.002141,11.575715,-0.000455,9.020286
2024-12-11,810.3,842.0,803.0,818.45,4867530.0,96.235154,100.909091,97.203088,101.924035,8.15,1.412552,39.0,2.035478,1.431222,-0.43524,-0.712715,-0.474601,-0.43524,1.429092,4.02806,-0.004106,0.91324,1.089108,-0.004106,0.387286,3.832432,0.267524,1.075695,1.196795,0.267524,0.331166,3.404068,0.317675,1.23286,2.457598,0.317675,0.331775,3.012008,0.358823,0.991054,2.372181,0.358823,0.024455,0.026554,0.028335,0.039083,0.039965,0.044117,0.034751,0.034559,0.037089,0.033035,0.033531,0.035993,0.032354,0.032839,0.036632,0.417939,1.289371,-0.070722,15.247698,0.023424,14.279521,0.000726,11.471363,-0.000285,9.02656
2024-12-12,816.0,826.0,802.7,812.6,1195807.0,98.789346,101.656908,98.377724,101.233337,3.4,-0.714766,23.3,1.904682,1.679104,-1.560027,-1.071062,0.749044,-1.560027,1.212655,4.020772,-0.479366,1.079582,1.385569,-0.479366,0.412072,3.820971,-0.294909,1.069514,1.216209,-0.294909,0.364717,3.376677,-0.319688,1.255202,2.556462,-0.319688,0.331239,3.012185,-0.347258,0.991359,2.37165,-0.347258,0.025228,0.027557,0.028959,0.036403,0.036606,0.038391,0.034751,0.034578,0.037081,0.032999,0.033511,0.035925,0.032336,0.032823,0.036607,-0.760989,1.097304,-0.066851,15.209683,0.015097,14.260359,-0.002563,11.282456,-0.000582,9.026764
2024-12-13,810.05,816.6,796.95,805.3,871822.0,99.197894,101.643767,98.616214,101.047745,4.75,-0.898351,19.65,1.295195,2.074696,-1.057285,-0.074355,-2.979417,-1.057285,1.187029,4.03311,-0.517065,1.086139,1.362988,-0.517065,0.313071,3.788736,-0.319743,1.158996,1.475688,-0.319743,0.34324,3.377824,-0.367571,1.272664,2.582397,-0.367571,0.33417,3.010694,-0.409381,0.99065,2.377905,-0.409381,0.023425,0.025608,0.02727,0.036262,0.036419,0.038235,0.034606,0.034507,0.037007,0.032968,0.033476,0.035895,0.032284,0.032771,0.036555,-1.248275,0.327111,-0.122247,14.955781,0.020927,13.976229,-0.002777,11.289171,-0.00104,9.015357
2024-12-16,811.0,822.5,794.4,819.25,894596.0,98.601824,102.089627,99.604863,103.128147,8.25,1.732274,28.1,0.982701,1.797362,0.41704,0.198205,-1.496212,0.41704,1.194628,4.034033,0.133277,1.079205,1.348446,0.133277,0.421806,3.748888,0.349562,1.133001,1.499074,0.349562,0.382508,3.370842,0.400424,1.250045,2.564911,0.400424,0.339895,3.012266,0.462236,0.983845,2.359179,0.462236,0.023684,0.025926,0.026249,0.036256,0.036484,0.038372,0.034624,0.034522,0.036546,0.032889,0.033408,0.035846,0.032266,0.032745,0.036542,-0.560995,1.954978,-0.108248,15.07014,0.014427,13.729727,-0.00349,11.238802,-0.000793,9.026285
2024-12-17,824.9,834.95,811.8,828.85,1386424.0,98.796335,101.613698,99.269417,102.100271,3.95,1.171803,23.15,0.540702,1.24753,0.50588,-0.504972,-3.084312,0.50588,1.327572,3.984513,-0.039093,1.026512,1.402765,-0.039093,0.488667,3.731468,0.183075,1.100248,1.494213,0.183075,0.360952,3.35869,0.241419,1.276496,2.674789,0.241419,0.343827,3.012839,0.274816,0.979437,2.349873,0.274816,0.020206,0.023336,0.023905,0.036152,0.036346,0.038076,0.03457,0.034528,0.036556,0.032822,0.033377,0.035825,0.032238,0.032708,0.036501,0.196554,1.167798,-0.150917,14.325228,0.009842,13.625207,-0.001236,11.166719,-0.000662,9.030355
2024-12-18,834.0,837.4,814.5,824.7,825943.0,99.593981,102.394107,98.483401,101.252302,9.3,-0.500694,22.9,0.158053,1.205986,-0.546231,0.668306,-2.556545,-0.546231,0.94838,3.762634,-0.385122,1.340134,2.867751,-0.385122,0.516487,3.718522,-0.273544,1.093576,1.520179,-0.273544,0.362008,3.3584,-0.256879,1.275936,2.675087,-0.256879,0.339513,3.013431,-0.278821,0.983087,2.351402,-0.278821,0.017364,0.019864,0.020427,0.03465,0.035302,0.037134,0.034283,0.03416,0.036254,0.032854,0.033416,0.035866,0.032208,0.03268,0.036433,0.24983,1.038692,-0.086158,13.202723,0.001684,13.550267,-0.002335,11.161518,-0.000785,9.033306
2024-12-19,799.0,811.9,773.5,779.65,1601739.0,98.411134,103.296703,96.027836,100.795087,19.35,-5.462592,38.4,-0.791512,2.834567,-1.647899,-1.431605,2.291287,-1.647899,0.635129,4.026933,-1.514235,1.117085,2.187734,-1.514235,0.186936,3.492395,-1.617666,0.931664,1.500133,-1.617666,0.303425,3.408527,-1.691645,1.221653,2.520261,-1.691645,0.313512,3.040959,-1.899435,0.947323,2.259839,-1.899435,0.020293,0.022413,0.026812,0.035005,0.035638,0.038105,0.033038,0.033645,0.03599,0.032951,0.033514,0.036086,0.032233,0.032696,0.036498,-1.136145,3.846166,-0.180048,14.32751,0.013327,11.9159,-0.005774,11.474093,-0.001742,9.191082
2024-12-20,787.55,787.55,744.55,754.65,1969842.0,100.0,105.775301,95.822487,101.356524,32.9,-3.206567,43.0,-1.253155,3.037046,-0.643195,-0.606097,-1.49294,-0.643195,0.570899,4.079764,-0.925903,1.092302,2.025383,-0.925903,0.064681,3.50224,-0.934045,1.003672,1.603341,-0.934045,0.274151,3.426107,-1.01594,1.218069,2.46063,-1.01594,0.294081,3.051007,-1.147374,0.949489,2.223894,-1.147374,0.024421,0.024905,0.029386,0.035459,0.035898,0.038433,0.032996,0.033514,0.035921,0.033112,0.033628,0.036211,0.032235,0.032645,0.036421,-1.651208,1.925944,-0.275304,13.292148,0.012001,11.990376,-0.008213,11.564626,-0.002212,9.245793
2024-12-23,759.0,763.2,732.0,739.8,861610.0,99.449686,103.688525,96.933962,101.065574,19.2,-1.9678,31.2,-1.99317,2.53744,0.009998,-0.217275,-0.390725,0.009998,-0.115016,3.14807,-0.588546,0.466085,0.805602,-0.588546,0.046323,3.510597,-0.573727,1.009417,1.582916,-0.573727,0.262873,3.431663,-0.650027,1.219701,2.44321,-0.650027,0.276728,3.053967,-0.734955,0.961573,2.227028,-0.734955,0.025197,0.025117,0.029143,0.031608,0.032732,0.035225,0.033132,0.033624,0.035966,0.033151,0.033649,0.036228,0.03196,0.032249,0.036085,-0.898508,3.536249,-0.135051,8.808389,0.004489,12.07361,-0.01022,11.571525,-0.002367,9.261397
2024-12-24,746.45,746.9,735.0,739.25,516003.0,99.939751,101.557823,98.975767,100.578231,7.2,-0.074344,11.9,-2.242399,2.185673,0.991939,-0.749963,-0.348381,0.991939,-0.510018,2.535256,0.171846,-0.380752,-0.656225,0.171846,-0.092831,3.369103,0.005487,1.093497,2.230411,0.005487,0.274586,3.42846,-0.101775,1.213533,2.446187,-0.101775,0.241922,3.017705,-0.104804,0.978251,2.411067,-0.104804,0.024423,0.023918,0.028287,0.024651,0.025231,0.027456,0.032359,0.033091,0.035505,0.032948,0.03339,0.035969,0.031719,0.032023,0.035898,0.434749,3.44372,-0.009091,6.103399,0.020949,11.032441,-0.011334,11.529751,-0.001423,9.054257
2024-12-26,745.5,745.5,719.25,736.1,796572.0,100.0,103.649635,98.739101,102.342718,9.4,-0.426108,26.25,-2.227482,2.200735,0.818533,-0.740875,-0.407271,0.818533,-0.597468,2.498604,0.068583,-0.304123,-0.56691,0.068583,-0.107385,3.368936,-0.094606,1.107105,2.252115,-0.094606,0.253591,3.426235,-0.19838,1.233868,2.49156,-0.19838,0.246566,3.015949,-0.223039,0.975993,2.417241,-0.223039,0.025174,0.024919,0.029848,0.023592,0.023721,0.025709,0.032203,0.03286,0.035238,0.032911,0.033337,0.035945,0.031717,0.03202,0.035916,1.320519,0.387045,0.021049,5.916141,0.021131,11.029746,-0.010903,11.522649,-0.001764,9.040102
2024-12-27,736.0,759.4,734.0,748.55,976406.0,96.91862,100.27248,98.57124,101.982289,12.55,1.691346,25.4,-0.796694,1.872728,1.328565,0.014476,-0.457274,1.328565,-0.289507,2.372866,0.834794,-0.483988,-0.162577,0.834794,-0.114149,3.364895,0.536568,1.115183,2.286154,0.536568,0.265294,3.429155,0.415861,1.221026,2.455463,0.415861,0.254056,3.017676,0.47629,0.967354,2.395182,0.47629,0.023406,0.022941,0.02474,0.022644,0.023222,0.025275,0.032189,0.032846,0.035241,0.032923,0.033343,0.035946,0.031664,0.032016,0.035716,1.133752,0.234902,-0.007365,5.347163,0.030597,10.901112,-0.009886,11.560071,-0.001556,9.052766
2024-12-30,754.05,772.9,731.25,739.25,1533351.0,97.561133,103.117949,95.646267,101.094017,14.8,-1.242402,41.65,-0.403861,1.382753,-0.606428,0.759417,0.807942,-0.606428,-0.164178,2.243179,-0.480668,-0.549294,0.408267,-0.480668,-0.101178,3.359151,-0.339736,1.111187,2.303488,-0.339736,0.272698,3.425049,-0.442359,1.22084,2.46951,-0.442359,0.259877,3.013638,-0.498493,0.968266,2.413913,-0.498493,0.023277,0.025065,0.026218,0.022854,0.02394,0.025917,0.032365,0.033081,0.035468,0.033031,0.033477,0.035919,0.031585,0.031928,0.035618,0.321649,1.322689,-0.075602,4.590218,0.02359,10.942321,-0.012145,11.49075,-0.002181,9.020756
2024-12-31,740.0,749.4,736.2,741.35,546901.0,98.745663,100.516164,98.925807,100.699538,1.35,0.284072,13.2,0.046513,1.079489,0.220066,0.733633,1.327536,0.220066,0.028166,2.096557,0.12206,-0.729813,1.396593,0.12206,-0.029539,3.327632,0.094244,1.094654,2.38963,0.094244,0.235583,3.404345,0.014243,1.263146,2.647315,0.014243,0.266448,3.012244,0.005851,0.963399,2.415249,0.005851,0.02095,0.023153,0.02445,0.022031,0.023573,0.025519,0.032194,0.032987,0.035382,0.032908,0.033314,0.035456,0.031498,0.031825,0.035516,-0.009946,0.93204,-0.122861,3.673872,0.016668,10.793815,-0.009882,11.392307,-0.002371,9.0095
2025-01-01,742.0,759.5,737.1,753.8,282573.0,97.695853,100.664767,99.249506,102.265636,11.8,1.679369,22.4,0.397255,1.293996,0.990817,-0.133282,-2.117456,0.990817,0.116187,2.128442,0.734425,-0.808123,1.284617,0.734425,-0.026366,3.329216,0.512353,1.090844,2.375016,0.512353,0.221623,3.395434,0.429325,1.280466,2.724734,0.429325,0.26533,3.011675,0.469519,0.96478,2.420635,0.469519,0.022022,0.024247,0.025019,0.022008,0.023492,0.025356,0.031901,0.032587,0.035062,0.032754,0.0331,0.035131,0.031501,0.031825,0.035511,0.280368,1.182328,-0.100997,3.964592,0.024486,10.737146,-0.007303,11.369241,-0.001914,9.012627
2025-01-02,759.0,766.6,747.5,763.4,409553.0,99.008609,101.538462,99.582572,102.12709,4.4,1.273547,19.1,0.737186,1.245983,0.430472,-1.290527,0.867908,0.430472,0.175809,2.144052,0.511993,-0.87412,1.265537,0.511993,0.047677,3.31584,0.369701,1.043669,2.355052,0.369701,0.156598,3.310501,0.337396,1.319557,3.159725,0.337396,0.275825,3.011512,0.331303,0.954808,2.408138,0.331303,0.020933,0.023085,0.02315,0.022201,0.023736,0.025619,0.031836,0.032556,0.035047,0.03212,0.032538,0.034599,0.031427,0.031761,0.035411,0.208617,1.154937,-0.085017,4.126785,0.021661,10.677187,-0.002099,10.846152,-0.001928,9.011474
2025-01-03,768.4,786.0,766.0,778.05,871073.0,97.760814,100.313316,98.98855,101.573107,9.65,1.919046,20.0,0.782726,1.292855,0.878923,-1.180599,0.614027,0.878923,0.2748,2.177989,0.754938,-0.955445,1.200185,0.754938,0.169026,3.269848,0.535199,1.021212,2.43991,0.535199,0.164817,3.313879,0.529358,1.309249,3.1215,0.529358,0.298423,3.006773,0.538991,0.941827,2.409491,0.538991,0.020065,0.022219,0.0224,0.022353,0.023884,0.025738,0.031468,0.032231,0.034783,0.031836,0.032204,0.034005,0.031387,0.031722,0.035383,0.731237,0.267764,-0.063849,4.370906,0.015788,10.426158,-0.000482,10.871779,-0.002116,8.980554
2025-01-06,789.9,789.9,742.45,752.25,683323.0,100.0,106.391003,95.233574,101.319954,37.65,-3.315982,47.45,0.36801,2.151989,-1.711902,-1.809073,3.284442,-1.711902,0.001547,2.271292,-1.460636,-0.703344,0.348276,-1.460636,0.072036,3.300329,-1.02657,1.058509,2.391853,-1.02657,0.124542,3.331594,-1.032696,1.313683,3.068361,-1.032696,0.289373,3.014944,-1.195828,0.935629,2.37203,-1.195828,0.021404,0.020413,0.021798,0.023157,0.024088,0.02625,0.031561,0.032126,0.034795,0.031964,0.032243,0.034089,0.031389,0.031659,0.035363,-0.696043,2.735892,-0.085552,4.657466,0.01093,10.649452,-0.002219,10.984419,-0.002928,9.015871
2025-01-07,750.0,770.75,743.4,762.65,429238.0,97.307817,100.887813,98.949076,102.589454,12.65,1.382519,27.35,0.5877,2.196877,0.361795,-2.161459,4.74001,0.361795,-0.094064,2.163035,0.682644,-0.85804,0.607289,0.682644,0.2036,3.216094,0.366569,1.110822,2.62636,0.366569,0.015054,3.098107,0.441387,1.112099,2.715983,0.441387,0.285279,3.01289,0.364182,0.940606,2.391273,0.364182,0.023011,0.022233,0.023315,0.023261,0.024152,0.025821,0.031342,0.032044,0.034692,0.030251,0.030654,0.032467,0.031296,0.031547,0.035263,-0.518323,3.323699,-0.013826,4.438428,0.001113,10.136135,0.005926,9.473017,-0.002476,9.011683
2025-01-08,764.8,772.95,731.65,739.25,500461.0,98.945598,104.530855,95.64008,101.038748,25.55,-3.068249,41.3,-0.361824,2.596696,-1.042257,-0.572507,-3.235739,-1.042257,-0.416566,2.097363,-1.264294,-0.857322,0.051828,-1.264294,0.187268,3.230856,-1.007633,1.098714,2.561232,-1.007633,-0.029542,3.11017,-0.977023,1.13217,2.702641,-0.977023,0.268877,3.022205,-1.104202,0.941447,2.353073,-1.104202,0.026122,0.025224,0.025951,0.023303,0.024191,0.025781,0.030981,0.031509,0.034132,0.029671,0.029789,0.031771,0.031347,0.031585,0.035286,-0.922012,3.694054,-0.001432,4.178916,-0.012598,10.196609,0.004929,9.55618,-0.002988,9.058301
2025-01-09,745.0,749.95,716.15,719.35,290260.0,99.339956,104.028486,95.919728,100.446834,25.65,-2.691917,33.8,-1.154917,2.57785,-0.596234,0.599709,-3.144465,-0.596234,-0.62179,2.109738,-0.981225,-0.62847,-0.354899,-0.981225,0.19674,3.221507,-0.896679,1.107908,2.601777,-0.896679,-0.071498,3.117567,-0.840533,1.157685,2.71664,-0.840533,0.266799,3.024106,-0.978377,0.940017,2.344304,-0.978377,0.028104,0.026325,0.026838,0.023255,0.023672,0.025295,0.030964,0.031408,0.03403,0.029548,0.029579,0.031559,0.031373,0.031595,0.0353,-0.897419,3.705526,-0.005056,4.227595,-0.027584,10.012093,0.004277,9.606796,-0.003813,9.051021
2025-01-10,715.0,726.45,696.0,709.6,603934.0,98.423842,102.729885,97.680501,101.954023,5.4,-1.35539,30.45,-1.809804,1.938285,0.234441,1.518022,1.932712,0.234441,-0.653821,2.116078,-0.331542,-0.574809,-0.436724,-0.331542,0.189979,3.22446,-0.479265,1.110182,2.591426,-0.479265,-0.060176,3.110752,-0.416367,1.158273,2.746483,-0.416367,0.230932,3.000383,-0.528707,0.965769,2.502801,-0.528707,0.029567,0.028593,0.028723,0.023646,0.024186,0.025744,0.030925,0.03137,0.034002,0.029556,0.029641,0.031603,0.031179,0.031414,0.035133,-0.015325,3.00509,-0.017005,4.244281,-0.034209,9.945491,0.00205,9.576512,-0.003219,8.922755
2025-01-13,696.0,699.75,659.4,675.2,679317.0,99.464094,105.5505,96.491604,102.396118,20.8,-4.847802,40.35,-2.116168,2.319448,-1.177708,0.728942,0.930702,-1.177708,-0.851294,2.315027,-1.726333,-0.501564,-0.866717,-1.726333,0.061735,3.295414,-1.489809,1.084188,2.407266,-1.489809,-0.107134,3.147379,-1.506227,1.127703,2.605481,-1.506227,0.21258,3.0202,-1.675512,0.941675,2.422892,-1.675512,0.029186,0.029994,0.030579,0.024739,0.025322,0.027172,0.031159,0.031628,0.034354,0.029724,0.029813,0.031812,0.03124,0.031474,0.035216,-1.074778,1.993576,-0.08078,4.874417,-0.042697,10.262913,-0.00085,9.806334,-0.004189,9.017509
2025-01-14,670.5,696.0,670.5,687.3,384772.0,96.336207,100.0,98.75,102.505593,16.8,1.792062,25.5,-2.034259,2.475847,1.54546,0.896975,1.266785,1.54546,-0.848304,2.318575,1.138788,-0.497815,-0.869206,1.138788,0.038197,3.278384,0.534978,1.11191,2.546365,0.534978,-0.063157,3.142836,0.590301,1.097216,2.570456,0.590301,0.203772,3.012967,0.527151,0.951141,2.479447,0.527151,0.029294,0.029711,0.030711,0.024807,0.025219,0.027059,0.031087,0.031523,0.034274,0.029629,0.029675,0.031662,0.03117,0.031377,0.035111,0.756474,3.759348,-0.002224,5.106836,-0.031506,10.326132,-0.001236,9.777369,-0.00345,8.992917
2025-01-15,692.95,707.7,685.5,701.95,473057.0,97.915784,101.086798,99.187509,102.399708,9.0,2.131529,22.2,-0.994304,2.974743,1.050791,-0.158077,-1.861069,1.050791,-0.800318,2.371903,1.236074,-0.452606,-0.917532,1.236074,0.042094,3.280801,0.636867,1.107145,2.524987,0.636867,-0.025893,3.146581,0.68564,1.061734,2.492217,0.68564,0.211829,3.01597,0.636512,0.941528,2.448028,0.636512,0.026719,0.027552,0.029032,0.024888,0.025275,0.027101,0.031152,0.031616,0.034356,0.029644,0.029688,0.031667,0.031174,0.031379,0.035117,1.279435,3.805372,0.072241,5.171101,-0.021931,10.448222,-0.000861,9.801343,-0.003114,9.018272
2025-01-16,708.0,715.65,693.2,700.95,539080.0,98.931042,102.135026,97.945923,101.118003,7.05,-0.14246,22.45,-0.484412,2.825782,0.121011,-0.997114,0.562534,0.121011,-0.782406,2.375634,0.269379,-0.474485,-0.91635,0.269379,0.108435,3.241856,-0.077393,1.110354,2.671874,-0.077393,0.007412,3.127294,-0.047924,1.0627,2.56758,-0.047924,0.176031,2.977029,-0.106983,0.954762,2.645718,-0.106983,0.025175,0.027113,0.02863,0.024978,0.025407,0.027211,0.030948,0.031517,0.034253,0.029562,0.029671,0.031649,0.030952,0.031233,0.034989,0.940519,4.618884,0.08637,5.113417,-0.03094,10.100076,-0.003019,9.674572,-0.002141,8.803109
2025-01-17,701.0,701.5,680.0,682.6,298675.0,99.928724,103.088235,97.305773,100.382353,18.4,-2.617876,21.5,-0.736909,2.975503,-0.632151,-0.571617,-1.512323,-0.632151,-0.64017,2.155645,-0.917454,-0.292965,-1.177887,-0.917454,0.109977,3.240513,-0.841796,1.111352,2.677938,-0.841796,-0.005815,3.135645,-0.833022,1.061834,2.531013,-0.833022,0.155129,2.981917,-0.92994,0.96663,2.639591,-0.92994,0.023904,0.024463,0.02635,0.024475,0.024678,0.025649,0.030842,0.031361,0.034125,0.029567,0.029679,0.031626,0.030902,0.031144,0.034917,0.252533,6.955349,-0.013748,4.40818,-0.044221,9.883681,-0.005368,9.709933,-0.002349,8.828977
2025-01-20,682.6,725.2,676.95,718.55,1206750.0,94.125758,100.834626,99.083012,106.14521,35.95,5.266628,48.25,1.285976,2.919639,1.363405,0.023444,0.396273,1.363405,-0.216511,2.43876,2.248331,0.111542,-0.045948,2.248331,0.161125,3.301977,1.546196,1.072628,2.307481,1.546196,0.005471,3.152695,1.668781,1.058545,2.446386,1.668781,0.189979,3.000758,1.691789,0.939636,2.495615,1.691789,0.025669,0.024235,0.024227,0.025053,0.025159,0.025908,0.031218,0.031619,0.034344,0.029656,0.029704,0.031645,0.030989,0.031193,0.034946,0.219973,6.722656,0.030112,5.620021,-0.025722,10.547209,0.000275,9.840027,-0.001866,8.947914
2025-01-21,719.05,725.65,677.85,683.85,530882.0,99.090471,106.078041,94.239647,100.885152,35.2,-4.82917,47.8,-0.03827,3.951832,-1.212324,0.218573,-0.90027,-1.212324,-0.359579,2.623815,-1.703471,-0.028829,-0.288616,-1.703471,0.136694,3.334786,-1.48911,1.023621,2.204426,-1.48911,-0.019286,3.180999,-1.512067,1.022382,2.338616,-1.512067,0.13332,2.987919,-1.660851,0.937342,2.599841,-1.660851,0.029889,0.027659,0.026968,0.026076,0.025875,0.02654,0.031461,0.031873,0.034541,0.029827,0.029819,0.031743,0.03099,0.031203,0.034944,-0.851231,11.044393,-0.063435,6.406386,-0.046693,10.444341,-0.004026,10.004059,-0.001664,8.873794
2025-01-22,685.5,689.0,661.75,676.05,335276.0,99.492017,103.588969,98.120464,102.160937,9.45,-1.140601,27.25,-0.692696,3.769405,-0.118826,1.040952,1.707835,-0.118826,-0.412892,2.628542,-0.276849,0.037335,-0.311032,-0.276849,0.182485,3.300351,-0.400893,1.038239,2.33845,-0.400893,-0.01369,3.178504,-0.354541,1.020475,2.347518,-0.354541,0.142006,2.98164,-0.430168,0.939281,2.631115,-0.430168,0.030619,0.028709,0.028107,0.026546,0.026493,0.027089,0.031389,0.031934,0.034602,0.029864,0.029876,0.031806,0.030986,0.031213,0.034958,-0.420758,11.012656,-0.070088,6.400435,-0.058434,9.963395,-0.005711,9.974679,-0.002308,8.82797
2025-01-23,676.65,681.5,656.4,659.4,463443.0,99.288335,103.085009,96.757153,100.457038,17.25,-2.462836,25.1,-1.156771,3.827122,-0.341265,1.562108,3.022581,-0.341265,-0.514728,2.668235,-0.730111,0.13646,-0.459977,-0.730111,0.158802,3.315265,-0.790778,1.037634,2.279895,-0.790778,-0.038736,3.187916,-0.760403,1.030839,2.320621,-0.760403,0.13433,2.986379,-0.86967,0.939469,2.607887,-0.86967,0.031078,0.02863,0.027825,0.026588,0.026366,0.026725,0.031421,0.031914,0.034553,0.029913,0.029904,0.031826,0.031014,0.031238,0.034975,-0.609715,10.973987,-0.099582,6.43378,-0.068237,9.801499,-0.007133,10.018792,-0.002858,8.846644
2025-01-24,662.55,681.55,645.05,649.75,608158.0,97.212237,102.712968,95.334165,100.728626,12.8,-1.463452,36.5,-0.925886,3.751005,-0.143312,1.375297,2.786577,-0.143312,-0.672468,2.623836,-0.301461,0.306631,-0.219767,-0.301461,0.057254,3.284894,-0.462939,1.136019,2.604197,-0.462939,-0.070936,3.185861,-0.437092,1.061011,2.377967,-0.437092,0.115513,2.984521,-0.529051,0.957613,2.645366,-0.529051,0.033384,0.032419,0.031924,0.027215,0.027206,0.027583,0.030369,0.030576,0.032034,0.030027,0.030038,0.031936,0.031081,0.031327,0.035053,-1.109382,8.79457,-0.078302,6.336425,-0.063592,9.732566,-0.006891,10.008646,-0.00277,8.837255
2025-01-27,646.85,646.95,616.1,629.35,447214.0,99.984543,104.991073,97.279542,102.150625,17.5,-3.139669,30.85,-2.607145,1.474838,-0.361073,-0.8402,0.136143,-0.361073,-0.767332,2.679239,-0.885452,0.360972,-0.381308,-0.885452,0.002177,3.315419,-0.947647,1.137839,2.49374,-0.947647,-0.142521,3.173437,-0.944449,1.111204,2.545079,-0.944449,0.104658,2.992422,-1.084181,0.954748,2.606715,-1.084181,0.030736,0.031002,0.031238,0.026989,0.026762,0.02729,0.030515,0.03069,0.032197,0.030052,0.030099,0.032008,0.031112,0.031358,0.035086,0.305615,1.553316,-0.122547,6.320061,-0.072199,9.686611,-0.006235,9.937602,-0.003419,8.870847
2025-01-28,629.3,631.6,582.0,593.2,1374138.0,99.635845,108.127148,93.920203,101.924399,36.1,-5.744022,49.6,-2.790116,1.832744,-1.61174,-1.283214,1.601431,-1.61174,-1.068736,2.885838,-1.620079,0.335587,-0.472227,-1.620079,-0.144309,3.40487,-1.644619,1.080729,2.294619,-1.644619,-0.204356,3.221856,-1.719402,1.066387,2.394654,-1.719402,0.082847,3.019089,-1.930009,0.915267,2.508933,-1.930009,0.03305,0.033025,0.033384,0.02904,0.028428,0.028905,0.031153,0.031183,0.032666,0.03038,0.030331,0.032226,0.031278,0.031492,0.035202,-0.988367,0.733419,-0.177042,6.869479,-0.081855,9.965947,-0.00921,10.205873,-0.004516,9.00134
2025-01-29,599.0,650.0,592.65,622.3,828574.0,92.153846,101.071459,95.738462,105.002953,23.3,4.905597,57.35,-1.580876,3.95688,1.63929,1.320147,2.591717,1.63929,-0.907425,3.12758,1.858633,0.459487,-0.536325,1.858633,-0.016456,3.472766,1.417329,0.970064,1.81632,1.417329,-0.144393,3.260758,1.548716,1.012248,2.122404,1.548716,0.107739,3.038262,1.579146,0.893523,2.372633,1.579146,0.039878,0.041029,0.041604,0.031321,0.031237,0.031784,0.03199,0.032167,0.033553,0.030796,0.030829,0.032705,0.031488,0.03174,0.03541,1.045629,10.338835,-0.048303,9.215088,-0.073261,10.701175,-0.006712,10.488685,-0.00382,9.136242
2025-01-30,645.9,672.85,630.8,634.95,1106272.0,95.99465,102.393786,94.367244,100.657895,10.95,2.032782,42.05,-0.681753,4.209102,0.64492,0.275889,-1.140265,0.64492,-0.869463,3.159886,0.918465,0.433373,-0.646417,0.918465,-0.117463,3.332677,0.6452,0.991773,2.36562,0.6452,-0.109077,3.265063,0.655993,0.978929,2.051913,0.655993,0.112531,3.040549,0.631547,0.887858,2.351403,0.631547,0.042298,0.044587,0.04876,0.032321,0.032541,0.034235,0.031706,0.032209,0.034086,0.030996,0.031112,0.033213,0.031584,0.031863,0.035623,1.503773,9.650561,0.028136,9.459311,-0.051053,10.341817,-0.006239,10.521592,-0.003387,9.160478
2025-01-31,636.9,678.0,632.45,670.35,1045600.0,93.938053,100.703613,98.871681,105.992569,33.45,5.575242,45.55,0.725986,4.987395,0.972302,-0.46796,-2.269025,0.972302,-0.686653,3.424392,1.828615,0.520622,-0.728187,1.828615,-0.022007,3.426592,1.633474,0.922429,1.839647,1.633474,-0.054397,3.314139,1.698673,0.937573,1.780577,1.698673,0.14901,3.062134,1.772042,0.863019,2.209773,1.772042,0.043812,0.044673,0.04851,0.033465,0.033401,0.03498,0.032142,0.0325,0.03436,0.031209,0.031257,0.033318,0.031666,0.031914,0.035667,2.520663,7.191807,0.164233,10.243304,-0.035405,11.24565,-0.002731,10.86747,-0.002848,9.30275
2025-02-01,670.35,710.0,644.7,659.9,1104983.0,94.415493,103.978595,92.943662,102.357686,10.45,-1.558887,65.3,1.042142,4.724246,-0.55057,-0.704693,-0.941958,-0.55057,-0.598799,3.375576,-0.284422,0.483389,-0.656034,-0.284422,-0.014745,3.422866,-0.451126,0.920526,1.851836,-0.451126,-0.07079,3.317519,-0.448557,0.948875,1.780577,-0.448557,0.145616,3.063657,-0.556362,0.864404,2.20367,-0.556362,0.04918,0.052219,0.055266,0.034908,0.035968,0.037182,0.03302,0.033726,0.035481,0.031688,0.031904,0.033905,0.031874,0.032199,0.035868,0.903991,16.220402,0.110257,10.420585,-0.043675,11.084459,-0.003543,10.885408,-0.003258,9.303684
2025-02-03,661.5,686.95,630.1,634.0,1834003.0,96.295218,104.983336,92.292015,100.618949,27.5,-3.924837,56.85,1.405979,4.099725,-1.300286,-0.374725,-2.083445,-1.300286,-0.864166,3.419944,-0.894948,0.658848,-0.543305,-0.894948,-0.328252,3.017086,-1.192072,0.363184,-0.014589,-1.192072,-0.118736,3.338369,-1.140108,0.959086,1.735006,-1.140108,0.132974,3.075247,-1.319508,0.855994,2.154807,-1.319508,0.049744,0.054171,0.057433,0.036463,0.037659,0.038911,0.032067,0.033149,0.034848,0.032076,0.03233,0.034319,0.031956,0.03226,0.035846,-2.125254,4.412792,0.094026,10.817257,-0.024062,8.800182,-0.005263,11.010182,-0.004098,9.353881
2025-02-04,640.35,643.2,571.0,573.55,4671373.0,99.556903,112.145359,89.171331,100.446585,66.8,-9.5347,72.2,-1.48208,5.765798,-1.396619,-0.308297,-0.225688,-1.396619,-1.187489,3.909864,-2.134911,0.089943,-0.065359,-2.134911,-0.67546,3.058217,-2.896864,-0.277827,0.322117,-2.896864,-0.220252,3.467621,-2.686121,0.738967,1.722505,-2.686121,0.098385,3.144457,-3.063513,0.68992,2.201784,-3.063513,0.053681,0.051708,0.054924,0.039126,0.038537,0.039985,0.031179,0.031163,0.03272,0.03279,0.032599,0.034606,0.032258,0.032339,0.03572,-3.263504,5.29462,-0.06464,14.383755,-0.025755,9.0275,-0.010411,11.813839,-0.005955,9.719955
2025-02-05,577.0,594.65,575.0,577.7,2448809.0,97.031867,100.347826,97.149584,100.469565,0.7,0.723564,19.65,-1.743924,5.593423,0.441141,-0.181252,0.445591,0.441141,-1.016715,3.915282,0.444484,-0.0458,-0.087824,0.444484,-0.687446,3.051392,0.462415,-0.271342,0.345717,0.462415,-0.220663,3.467505,0.272307,0.739376,1.723502,0.272307,0.085918,3.136965,0.203268,0.701971,2.258331,0.203268,0.051601,0.048915,0.049513,0.038895,0.038521,0.040098,0.030831,0.030679,0.032148,0.032765,0.032563,0.034564,0.032208,0.032318,0.035715,-1.767917,18.77804,-0.061094,14.438859,-0.01757,9.060489,-0.009253,11.832013,-0.005392,9.694441
2025-02-06,585.45,588.9,567.0,568.8,1730196.0,99.414162,103.253968,96.586857,100.31746,16.65,-1.540592,21.9,-3.167091,3.920767,0.414842,-1.322231,1.982433,0.414842,-1.025975,3.916344,-0.131402,-0.037983,-0.092037,-0.131402,-0.628901,3.00511,-0.30338,-0.303126,0.53423,-0.30338,-0.266491,3.454204,-0.368855,0.779304,1.831741,-0.368855,0.082881,3.138251,-0.517318,0.703509,2.252735,-0.517318,0.049167,0.046805,0.047952,0.038803,0.038196,0.039937,0.030579,0.030503,0.032034,0.032767,0.032539,0.034539,0.032212,0.032319,0.035708,0.468499,11.858945,-0.073925,14.389155,-0.028835,8.676918,-0.00806,11.758088,-0.005788,9.687696
2025-02-07,572.8,597.85,571.05,582.0,3484941.0,95.809986,100.306453,97.348833,101.91752,9.2,2.320675,26.8,-2.391178,4.637044,1.016133,-0.972424,0.64384,1.016133,-0.667551,3.875983,0.77096,-0.254645,0.071495,0.77096,-0.507508,2.999088,0.943014,-0.387356,0.615755,0.943014,-0.178332,3.405789,0.733753,0.801324,1.910655,0.733753,0.09406,3.142238,0.708608,0.691886,2.217103,0.708608,0.043563,0.038337,0.04027,0.038471,0.037898,0.039531,0.030527,0.030584,0.032169,0.032542,0.032505,0.034517,0.03226,0.032378,0.035774,2.048513,8.808926,-0.086461,14.023524,-0.029536,8.632964,-0.010298,11.395043,-0.005454,9.725137
2025-02-10,582.0,583.65,559.25,567.85,1181017.0,99.717296,104.067948,97.292898,101.537774,14.15,-2.431271,24.4,-2.092465,4.561032,-0.074283,-1.334063,2.1383,-0.074283,-0.878718,3.849886,-0.403273,-0.097704,0.110276,-0.403273,-0.484877,2.979769,-0.653203,-0.401477,0.706841,-0.653203,-0.211201,3.411565,-0.650748,0.823499,1.911254,-0.650748,0.075646,3.146209,-0.796806,0.704128,2.209245,-0.796806,0.038613,0.031597,0.033566,0.038572,0.038041,0.039618,0.030463,0.03064,0.032203,0.032609,0.032562,0.03457,0.032295,0.03241,0.035801,1.580397,11.6471,-0.072821,13.904222,-0.041545,8.342008,-0.011009,11.421394,-0.005656,9.742488
2025-02-11,569.95,572.15,546.0,556.85,1022278.0,99.615485,104.386447,97.325876,101.987179,13.1,-1.937131,26.15,-0.572951,2.018954,-0.675687,0.837714,-1.289305,-0.675687,-1.082151,3.789471,-0.22562,0.046087,0.308786,-0.22562,-0.521998,2.98619,-0.473892,-0.362541,0.654082,-0.473892,-0.22835,3.415929,-0.500239,0.834387,1.903719,-0.500239,0.07242,3.147948,-0.638369,0.705156,2.201263,-0.638369,0.025024,0.026372,0.028626,0.038845,0.03833,0.039899,0.030609,0.030789,0.032335,0.032649,0.032586,0.034602,0.032328,0.032451,0.035838,-0.621207,2.489143,-0.040411,13.587792,-0.043973,8.336307,-0.012041,11.431066,-0.006163,9.733425
2025-02-12,555.0,582.5,546.55,575.8,1160804.0,95.27897,101.546062,98.849785,105.351752,20.8,3.403071,35.95,-0.03705,2.692422,1.277705,0.636919,-2.720292,1.277705,-0.904874,3.916547,1.099935,-0.022219,-0.054734,1.099935,-0.455559,3.036415,1.270785,-0.367484,0.501831,1.270785,-0.182376,3.433688,1.044197,0.79294,1.769141,1.044197,0.08501,3.156239,1.051271,0.693405,2.141361,1.051271,0.028939,0.029731,0.030494,0.039545,0.039001,0.040451,0.031065,0.031251,0.032727,0.0328,0.032727,0.034722,0.032427,0.032548,0.035918,0.562952,5.165479,0.038501,14.523084,-0.033261,8.805039,-0.01047,11.580976,-0.005543,9.809608
2025-02-13,577.6,583.95,564.3,566.3,1226767.0,98.912578,102.356902,96.977481,100.354421,11.3,-1.649878,19.65,-0.058907,2.708077,-0.587491,0.649586,-2.741881,-0.587491,-0.856474,3.900211,-0.203426,-0.05932,0.00379,-0.203426,-0.487341,3.040512,-0.382349,-0.334669,0.466574,-0.382349,-0.205909,3.435619,-0.420294,0.811592,1.78138,-0.420294,0.073634,3.158381,-0.545695,0.702043,2.138009,-0.545695,0.028608,0.02986,0.030092,0.039591,0.039144,0.04058,0.031167,0.031348,0.032801,0.032839,0.032759,0.034746,0.032445,0.032562,0.035927,-0.210676,5.778177,0.000811,14.45104,-0.035104,8.803196,-0.010805,11.588175,-0.005721,9.816404
2025-02-14,566.3,604.9,555.15,588.7,3821668.0,93.61878,102.008466,97.321871,106.043412,22.4,3.955501,49.75,0.268058,3.132621,1.177111,0.589649,-3.174638,1.177111,-0.922031,3.801648,1.283004,-0.13232,0.07131,1.283004,-0.451213,3.082915,1.429398,-0.307342,0.371222,1.429398,-0.156521,3.459745,1.188533,0.769082,1.622244,1.188533,0.094802,3.170177,1.217818,0.683327,2.05403,1.217818,0.034612,0.036348,0.035122,0.040184,0.040246,0.041483,0.031804,0.032073,0.033412,0.033206,0.033193,0.035101,0.032619,0.032762,0.036082,1.30608,4.438963,0.166234,12.811079,-0.018194,9.245344,-0.008804,11.785558,-0.005195,9.909831
2025-02-17,569.0,581.25,539.05,546.9,3051769.0,97.892473,105.556071,94.090323,101.456266,22.1,-7.100391,42.2,-0.665766,4.524952,-1.422031,-0.464909,-0.700847,-1.422031,-1.035592,3.955319,-1.533327,-0.188273,-0.130142,-1.533327,-0.659115,3.174297,-2.029197,-0.306905,0.261205,-2.029197,-0.204513,3.522512,-1.957659,0.693778,1.493806,-1.957659,0.038791,3.197864,-2.232484,0.651009,2.044297,-2.232484,0.038422,0.040404,0.041636,0.040417,0.040792,0.042614,0.032326,0.032615,0.034072,0.03343,0.033459,0.035484,0.032589,0.032708,0.036094,-0.977409,14.4695,0.01628,14.853512,-0.024665,9.74795,-0.014228,12.11532,-0.005664,10.068257
2025-02-18,545.25,578.8,532.4,566.55,3333633.0,94.203525,102.413599,97.883552,106.41435,21.3,3.592979,46.4,0.440256,4.803772,0.656301,-1.267143,0.405556,0.656301,-0.798913,4.088101,1.074311,-0.27885,-0.381076,1.074311,-0.654892,3.179919,1.335842,-0.302227,0.252169,1.335842,-0.166129,3.542916,1.061021,0.661387,1.372625,1.061021,0.041968,3.201093,1.109312,0.649133,2.025447,1.109312,0.042686,0.045169,0.045538,0.041594,0.04211,0.043671,0.032778,0.033192,0.034531,0.033737,0.033802,0.035748,0.032671,0.032795,0.036135,-0.50707,17.946739,0.080744,15.660161,-0.004764,9.904923,-0.011997,12.306796,-0.004694,10.122322
2025-02-19,559.9,573.15,544.05,562.6,1044954.0,97.688214,102.913335,98.159295,103.409613,2.7,-0.697202,29.1,-0.379798,4.512704,-0.070336,-0.731973,-0.027736,-0.070336,-0.710631,4.069299,0.0033,-0.351062,-0.290564,0.0033,-0.697087,3.165893,-3.7e-05,-0.27053,0.29258,-3.7e-05,-0.1549,3.539398,-0.153219,0.654666,1.381182,-0.153219,0.043906,3.200525,-0.231558,0.647803,2.027382,-0.231558,0.041535,0.044819,0.045543,0.041876,0.042642,0.0442,0.032829,0.033271,0.034597,0.033803,0.033921,0.035864,0.032675,0.032809,0.036135,0.154283,16.24399,0.055925,15.627238,0.0002,9.82241,-0.013315,12.254338,-0.004974,10.109673
2025-02-20,563.45,594.3,558.75,577.8,1822829.0,94.809019,100.841163,97.223624,103.409396,14.35,2.701742,35.55,0.490526,4.624755,0.478126,-1.502982,1.790383,0.478126,-0.502372,4.134799,0.774914,-0.469458,-0.36221,0.774914,-0.628757,3.202165,1.040077,-0.302714,0.191547,1.040077,-0.108342,3.546108,0.792442,0.617497,1.316357,0.792442,0.069961,3.200847,0.822214,0.628423,2.004421,0.822214,0.043762,0.047469,0.048152,0.042043,0.042812,0.044324,0.033155,0.033646,0.034961,0.033963,0.034115,0.036036,0.032713,0.032853,0.036153,0.389567,16.807165,0.092787,15.955476,0.008154,10.034939,-0.012709,12.314559,-0.004962,10.112113
2025-02-21,573.95,609.8,570.55,588.2,3272706.0,94.121023,100.595916,96.457855,103.093506,14.25,1.799931,39.25,0.059412,4.310819,0.403756,-1.558419,2.28724,0.403756,-0.255392,4.116463,0.499293,-0.650397,-0.147171,0.499293,-0.574791,3.220215,0.737442,-0.340894,0.146656,0.737442,-0.13086,3.526521,0.547506,0.632104,1.411832,0.547506,0.057497,3.189153,0.546362,0.636231,2.073481,0.546362,0.041268,0.045046,0.046924,0.042478,0.043436,0.044965,0.03357,0.034147,0.035501,0.034092,0.034327,0.036261,0.03276,0.032954,0.036256,1.690941,9.147969,0.084035,15.863193,0.013208,10.12606,-0.009054,12.243683,-0.004067,10.064698
2025-02-24,575.0,578.9,558.0,563.6,851470.0,99.326309,103.046595,97.357056,101.003584,11.4,-4.182251,20.9,0.64304,3.136816,-1.538276,-1.063935,0.273583,-1.538276,-0.177303,4.02056,-0.996117,-0.668515,0.064131,-0.996117,-0.693081,3.242294,-1.076142,-0.256854,0.036353,-1.076142,-0.135638,3.531731,-1.145788,0.628571,1.396171,-1.145788,0.061394,3.183461,-1.333029,0.643843,2.091263,-1.333029,0.037294,0.041067,0.041998,0.04133,0.042579,0.044417,0.033585,0.034134,0.035593,0.034108,0.034329,0.036072,0.032697,0.032934,0.036268,-1.305333,4.463908,-0.058726,15.241992,0.01037,10.279827,-0.013626,12.193677,-0.005457,9.984492
2025-02-25,558.65,567.85,548.0,550.05,758313.0,98.379854,101.943431,96.865369,100.374088,8.6,-2.404187,19.85,-0.556394,2.861325,-0.645783,-0.112247,-1.883088,-0.645783,-0.542792,3.863355,-0.481808,-0.581534,0.133272,-0.481808,-0.764601,3.239757,-0.506083,-0.195647,0.023689,-0.506083,-0.137967,3.533164,-0.641414,0.629068,1.391259,-0.641414,0.045106,3.187719,-0.768353,0.654323,2.079188,-0.768353,0.03128,0.034781,0.036966,0.039713,0.040679,0.042585,0.033636,0.034179,0.035651,0.034106,0.034354,0.036105,0.032712,0.032948,0.036285,-1.029796,4.428784,-0.010282,14.175721,0.010911,10.261316,-0.016208,12.139529,-0.005706,10.002236
2025-02-27,552.8,555.2,520.35,524.0,1000340.0,99.567723,106.236187,94.380403,100.701451,28.8,-4.735933,34.85,-1.36414,3.425463,-0.984332,0.384095,-2.85218,-0.984332,-0.881228,3.921887,-0.98287,-0.35552,-0.213147,-0.98287,-0.849306,3.287727,-1.182162,-0.144155,-0.13148,-1.182162,-0.166409,3.558779,-1.284014,0.619051,1.313007,-1.284014,0.021336,3.205596,-1.484051,0.649067,2.010745,-1.484051,0.032951,0.03375,0.035834,0.039721,0.040076,0.041031,0.034002,0.034372,0.035833,0.034143,0.034266,0.036044,0.032802,0.032988,0.036315,-1.907947,2.106513,-0.029517,14.58317,0.002213,10.591949,-0.020002,12.204896,-0.006423,10.086945
2025-02-28,523.55,524.0,481.0,486.0,2009819.0,99.914122,108.846154,92.748092,101.039501,37.55,-7.251908,43.0,-3.35487,3.363576,-1.1586,0.826099,1.195763,-1.1586,-1.522585,3.858794,-1.484744,-0.350931,-0.536525,-1.484744,-0.885092,3.34815,-1.901592,-0.196136,-0.131105,-1.901592,-0.349078,3.446079,-2.003097,0.402539,0.991543,-2.003097,-0.015868,3.246559,-2.228834,0.602462,1.918158,-2.228834,0.036608,0.033357,0.035402,0.040284,0.040151,0.041181,0.034527,0.034541,0.035758,0.033791,0.034096,0.035873,0.032977,0.033068,0.036398,-1.865736,2.088972,-0.018582,14.134297,-0.02415,10.864449,-0.017435,11.503428,-0.007483,10.300772
2025-03-03,486.75,493.8,460.3,478.3,1948272.0,98.572296,105.746252,96.861077,103.910493,8.45,-1.584362,33.5,-4.031728,2.209446,1.107683,-0.570759,-0.097002,1.107683,-1.523859,3.858811,-0.015679,-0.349827,-0.537148,-0.015679,-0.852648,3.333021,-0.219535,-0.222253,-0.071771,-0.219535,-0.393984,3.432463,-0.3468,0.438128,1.071024,-0.3468,-0.049035,3.228389,-0.475571,0.623643,2.025267,-0.475571,0.037106,0.034444,0.035767,0.039293,0.038751,0.039853,0.034713,0.034966,0.036111,0.033865,0.034248,0.036014,0.033033,0.033183,0.036493,0.034806,3.9029,-0.020038,14.132551,-0.031481,10.680465,-0.016196,11.445425,-0.006954,10.209189
2025-03-04,471.8,498.65,467.25,486.85,1113042.0,94.615462,100.973783,97.633611,104.194757,15.05,1.787581,31.4,-2.837762,3.40002,1.360387,0.08647,-0.02284,1.360387,-1.238238,3.883077,0.779232,-0.538867,-0.432588,0.779232,-0.777541,3.34965,0.765788,-0.277847,-0.101037,0.765788,-0.365609,3.438708,0.626162,0.413188,1.027944,0.626162,-0.057586,3.221204,0.572819,0.630034,2.07038,0.572819,0.039806,0.037802,0.038034,0.038544,0.037902,0.03902,0.03497,0.035284,0.036442,0.034063,0.034464,0.036203,0.033098,0.033271,0.036575,1.153511,6.586933,-0.010642,14.320604,-0.027999,10.832491,-0.015297,11.511486,-0.006145,10.198396
2025-03-05,486.85,504.3,478.55,500.75,1077718.0,96.539758,101.734406,99.296054,104.639014,13.9,2.855089,25.75,-1.785907,4.269927,1.086903,-0.232171,-2.000839,1.086903,-0.618749,3.454487,1.005602,-0.462474,-0.696921,1.005602,-0.718952,3.387605,1.055035,-0.296642,-0.186589,1.055035,-0.405891,3.375955,0.965943,0.380097,1.141739,0.965943,-0.06463,3.213238,0.908653,0.632808,2.11349,0.908653,0.041125,0.039172,0.039,0.03577,0.037013,0.037935,0.035226,0.035559,0.036666,0.033823,0.034347,0.036088,0.033083,0.033231,0.036345,2.422153,2.852167,-0.083163,11.106847,-0.01773,11.180886,-0.00899,11.215749,-0.005059,10.18796
2025-03-06,514.0,546.75,512.2,535.75,8559064.0,94.010059,100.351425,97.988112,104.597813,21.75,6.989516,34.55,0.559183,5.332384,1.205902,-0.567702,0.477835,1.205902,-0.305451,3.844729,1.897394,-0.157034,-0.571603,1.897394,-0.570639,3.558698,2.124416,-0.170152,-0.197527,2.124416,-0.339012,3.455422,2.120878,0.396172,0.956242,2.120878,0.000315,3.223929,2.167914,0.650317,2.04865,2.167914,0.041177,0.040358,0.041896,0.036551,0.037618,0.038806,0.035529,0.035808,0.037028,0.033907,0.034365,0.036142,0.033003,0.03324,0.036378,3.29223,1.069896,0.046721,13.970263,0.001125,12.410784,-0.004168,11.806063,-0.004901,10.261693
2025-03-07,539.0,639.0,535.75,613.5,20832897.0,84.350548,100.606626,96.00939,114.512366,74.5,14.512366,103.25,4.912038,6.178161,1.553914,1.025541,0.929402,1.553914,0.497197,5.057637,2.77109,0.868857,1.884445,2.77109,-0.314219,4.139519,3.581717,0.722957,2.286688,3.581717,-0.214184,3.75439,3.922488,0.842458,2.31489,3.922488,0.082741,3.38018,4.268892,0.893017,2.836387,4.268892,0.058371,0.055987,0.056832,0.043246,0.042989,0.043933,0.038445,0.03813,0.039282,0.035456,0.035586,0.037316,0.033734,0.033811,0.03688,3.739539,2.567434,0.238902,22.402988,0.042154,16.422857,0.00609,13.923591,-0.003032,11.33784
2025-03-10,601.25,604.35,559.0,565.85,4846407.0,99.487052,107.55814,93.629519,101.225403,35.4,-7.766911,45.35,3.675528,8.117673,-1.409571,-0.152973,0.943213,-1.409571,-0.007183,5.360168,-1.447665,0.827902,1.478915,-1.447665,-0.444709,4.27015,-1.714741,0.641344,1.939039,-1.714741,-0.272944,3.826194,-1.958596,0.764519,2.130168,-1.958596,0.040767,3.425199,-2.279482,0.834287,2.716835,-2.279482,0.059077,0.054669,0.05612,0.044068,0.043375,0.044414,0.038727,0.038193,0.039446,0.035688,0.035728,0.03751,0.033869,0.033894,0.036966,-0.745171,51.606731,0.149635,26.550337,0.022345,17.765521,0.000587,14.493074,-0.004122,11.616699
2025-03-11,555.0,565.6,526.0,530.25,4508844.0,98.125884,105.513308,93.75,100.807985,24.75,-6.29142,39.6,2.059728,9.304678,-0.897521,0.268964,-1.525277,-0.897521,-0.20019,5.519186,-1.103646,0.793631,1.170895,-1.103646,-0.576219,4.347796,-1.314505,0.65035,1.736745,-1.314505,-0.302879,3.861645,-1.550774,0.733321,2.023558,-1.550774,0.006361,3.454095,-1.82328,0.812415,2.617311,-1.82328,0.059707,0.054844,0.056575,0.044767,0.044034,0.045202,0.039186,0.038628,0.039935,0.035861,0.035919,0.037727,0.033989,0.034002,0.037082,-3.304944,47.416305,0.021585,28.922856,0.010373,18.502856,-0.004822,14.743809,-0.004984,11.788318
2025-03-12,535.85,540.0,508.1,519.65,2958755.0,99.231481,105.461523,96.231481,102.273175,16.2,-1.999057,31.9,1.088899,9.452998,-0.326664,0.739032,-1.286083,-0.326664,-0.203286,5.520229,-0.325307,0.794849,1.169643,-0.325307,-0.649788,4.339965,-0.310894,0.703122,1.82079,-0.310894,-0.338077,3.860897,-0.430206,0.759697,2.055709,-0.430206,0.007752,3.453227,-0.58114,0.812282,2.62127,-0.58114,0.060285,0.055609,0.057514,0.045072,0.044376,0.045543,0.039444,0.038922,0.040237,0.035871,0.035894,0.037738,0.034048,0.034085,0.037154,-3.878093,41.408126,-0.031538,28.916214,0.012549,18.425793,-0.004724,14.738861,-0.005628,11.759588
2025-03-13,524.2,528.95,511.1,514.25,1785235.0,99.101995,102.563099,97.220909,100.616318,9.95,-1.039161,17.85,-0.516837,8.863635,-0.058929,1.685964,3.118242,-0.058929,-0.425398,5.456488,-0.112483,0.941702,1.555576,-0.112483,-0.696042,4.331363,-0.079217,0.738815,1.893309,-0.079217,-0.324182,3.855794,-0.18543,0.753266,2.070714,-0.18543,0.004338,3.453926,-0.30212,0.814648,2.620006,-0.30212,0.058411,0.053745,0.054568,0.044493,0.043775,0.045052,0.039493,0.038958,0.040266,0.035869,0.0359,0.037747,0.034046,0.034074,0.03714,-2.53352,50.013777,0.013463,28.278569,0.016343,18.329874,-0.006408,14.684264,-0.005839,11.756322
2025-03-17,514.25,524.0,507.0,509.0,1264100.0,98.139313,101.42998,97.137405,100.394477,5.25,-1.020904,17.0,-3.623491,3.177136,0.819161,-0.661934,-2.567201,0.819161,-0.393949,5.450869,-0.115019,0.925973,1.549771,-0.115019,-0.754841,4.315063,-0.061659,0.785064,2.012659,-0.061659,-0.292907,3.8371,-0.189726,0.74952,2.135637,-0.189726,0.004949,3.453733,-0.297027,0.814302,2.620663,-0.297027,0.035354,0.034324,0.036235,0.044476,0.043814,0.045112,0.039532,0.039018,0.040322,0.035728,0.035785,0.037655,0.034049,0.034082,0.03715,1.874427,1.048401,-0.014378,28.219497,0.021983,18.14674,-0.009139,14.506504,-0.006165,11.74195
2025-03-18,509.0,509.0,509.0,509.0,0.0,100.0,100.0,100.0,100.0,0.0,0.0,0.0,-2.070108,2.46341,0.840343,-1.78662,3.481204,0.840343,-0.591724,5.355679,0.110485,1.068082,2.073568,0.110485,-0.688521,4.300354,0.160108,0.749556,2.02958,0.160108,-0.308243,3.832789,0.080423,0.763189,2.171265,0.080423,-0.019457,3.436304,0.005662,0.833773,2.739359,0.005662,0.028478,0.029226,0.030456,0.042956,0.042007,0.043559,0.03918,0.038761,0.040007,0.035575,0.035599,0.037492,0.033916,0.033969,0.037049,1.356099,1.1767,0.059925,27.129727,0.017487,18.059504,-0.007858,14.491911,-0.00543,11.650846
2025-03-19,569.0,577.8,555.65,567.2,4113365.0,98.476982,102.402592,98.165455,102.078647,1.8,11.434185,22.15,1.475012,5.612054,1.774604,2.148066,4.685751,1.774604,0.335004,5.75859,1.927413,0.93495,0.958421,1.927413,-0.487488,4.622062,2.579298,0.849316,1.637979,2.579298,-0.141944,3.97666,2.911018,0.839732,2.083804,2.911018,0.043521,3.529429,3.227339,0.889068,2.660138,3.227339,0.023262,0.0253,0.05596,0.042075,0.04112,0.048921,0.039201,0.038817,0.043039,0.03549,0.035592,0.039089,0.033942,0.034011,0.03791,2.790564,9.62162,0.128956,30.950357,0.051083,20.39277,-0.003845,15.643371,-0.003893,12.344066
2025-03-20,572.45,583.4,554.25,568.3,2386679.0,98.123072,103.283717,97.411724,102.534957,4.15,0.193935,29.15,1.913611,5.352354,-0.321293,2.173515,4.776106,-0.321293,0.165052,5.707307,0.005061,1.048792,1.261611,0.005061,-0.422244,4.607891,0.133723,0.816729,1.643866,0.133723,-0.117488,3.971071,0.078423,0.825982,2.090729,0.078423,0.047854,3.529077,0.041394,0.885656,2.657957,0.041394,0.021522,0.024511,0.055429,0.041132,0.040117,0.048214,0.039165,0.038876,0.043095,0.035311,0.035385,0.038873,0.033383,0.033849,0.036412,1.492128,18.465259,0.178382,29.886661,0.046366,20.360316,-0.004924,15.591509,-0.003979,12.339351
2025-03-21,572.0,572.9,559.8,565.55,1483168.0,99.842905,102.17935,98.717054,101.027153,6.45,-0.483899,13.1,2.024663,5.281058,-0.475011,2.191421,4.844807,-0.475011,0.175717,5.70581,-0.115604,1.043503,1.256959,-0.115604,-0.378084,4.596261,-0.023022,0.795478,1.657834,-0.023022,-0.090672,3.959317,-0.099317,0.817321,2.125444,-0.099317,0.082469,3.489319,-0.162315,0.935692,2.776012,-0.162315,0.020416,0.023556,0.055046,0.040651,0.039406,0.047651,0.039018,0.038781,0.043013,0.035222,0.035288,0.038782,0.032881,0.03335,0.035935,0.126794,22.279504,0.155497,30.12449,0.040662,20.358781,-0.006989,15.47873,-0.005182,12.024972
2025-03-24,570.0,584.0,564.85,575.8,1619487.0,97.60274,100.911746,98.59589,101.938568,5.8,1.812395,19.15,2.591323,5.018026,-0.155226,2.079902,4.385566,-0.155226,0.13125,5.688527,0.295533,1.075372,1.354232,0.295533,-0.314728,4.604341,0.461982,0.750788,1.578888,0.461982,-0.062374,3.962738,0.4731,0.794619,2.084028,0.4731,0.071347,3.480186,0.500274,0.94594,2.841329,0.500274,0.020458,0.023611,0.055023,0.040049,0.038674,0.047069,0.038951,0.038683,0.042945,0.035168,0.035217,0.038732,0.032361,0.032651,0.035365,-0.829329,18.768895,0.218763,29.150122,0.043423,20.383287,-0.00642,15.511914,-0.004327,11.988712
2025-03-25,582.0,591.75,550.5,555.65,1563747.0,98.352345,105.722071,93.899451,100.935513,26.35,-3.499479,41.25,1.891427,5.671331,-0.950554,1.585325,3.088955,-0.950554,-0.13372,5.729981,-0.587394,1.190138,1.479601,-0.587394,-0.287762,4.58114,-0.701074,0.757311,1.639978,-0.701074,-0.113013,3.974078,-0.852139,0.81947,2.073344,-0.852139,0.053004,3.489324,-1.018101,0.949017,2.80577,-1.018101,0.028198,0.030228,0.058114,0.040228,0.038545,0.046853,0.039108,0.038779,0.042943,0.035357,0.035385,0.038887,0.032468,0.032736,0.035427,-2.824887,9.771228,0.193243,29.9494,0.024828,20.438732,-0.007476,15.588797,-0.004846,12.036236
2025-03-26,557.55,574.0,543.9,563.85,1957610.0,97.134146,102.509653,98.231707,103.667954,6.3,1.475749,30.1,-0.10026,2.117219,0.744377,-1.246681,1.523559,0.744377,0.14918,5.658808,0.234426,1.091583,1.428206,0.234426,-0.294088,4.578426,0.38656,0.762199,1.655527,0.38656,-0.127945,3.965177,0.404445,0.832352,2.12922,0.404445,0.067624,3.489128,0.403575,0.937229,2.790914,0.403575,0.029903,0.032282,0.031802,0.040573,0.039112,0.046991,0.039247,0.039021,0.043106,0.035403,0.035471,0.038941,0.032537,0.032836,0.035507,-0.045195,3.58201,0.152311,29.649649,0.034071,20.301008,-0.004664,15.547272,-0.00486,12.034426
2025-03-27,564.0,616.5,515.6,560.45,2175103.0,91.484185,109.387122,90.908354,108.698604,3.55,-0.602997,100.9,-0.259646,2.119531,-0.161994,-0.872401,0.528484,-0.161994,0.239239,5.630294,-0.14959,1.060244,1.440665,-0.14959,-0.348778,4.565174,-0.055687,0.8031,1.751021,-0.055687,-0.153342,3.959949,-0.113551,0.853808,2.178605,-0.113551,0.062941,3.489398,-0.190846,0.94104,2.794259,-0.190846,0.054854,0.063045,0.059794,0.046898,0.047964,0.053524,0.041993,0.042813,0.046075,0.036972,0.037633,0.040637,0.033399,0.034015,0.036438,-0.057484,3.587321,0.101249,29.774337,0.039284,20.102611,-0.003695,15.513006,-0.00492,12.034343
2025-03-28,563.8,583.0,554.45,563.6,2153573.0,96.70669,101.686356,96.672384,101.650284,0.2,0.562048,28.55,-0.050457,2.143347,0.28577,-1.309622,1.430037,0.28577,0.504138,5.507184,0.010515,1.015611,1.592549,0.010515,-0.334688,4.56691,0.196355,0.792709,1.732861,0.196355,-0.113127,3.946431,0.171085,0.837537,2.209721,0.171085,0.072041,3.488309,0.140471,0.934307,2.791461,0.140471,0.056144,0.064678,0.061452,0.046574,0.048102,0.053638,0.042122,0.042997,0.046239,0.03696,0.037697,0.040687,0.033446,0.034093,0.036503,0.039579,3.672015,0.027305,28.787828,0.041933,20.07336,-0.005274,15.3954,-0.005044,12.022644
2025-04-01,560.95,562.0,532.55,536.45,1384083.0,99.813167,105.332833,95.453737,100.732326,24.5,-4.817246,29.45,-1.376385,2.685022,-1.281502,-0.416739,-2.200494,-1.281502,0.625871,5.351423,-1.017135,1.151599,1.834784,-1.017135,-0.378676,4.599824,-0.964944,0.788625,1.644905,-0.964944,-0.134349,3.966113,-1.180727,0.827156,2.142804,-1.180727,0.03153,3.497843,-1.386219,0.943988,2.787951,-1.386219,0.05728,0.064928,0.061683,0.045707,0.04766,0.053226,0.042287,0.043105,0.046345,0.037009,0.037693,0.040694,0.033495,0.034119,0.036526,-0.354924,5.515534,-0.171178,26.231551,0.025794,20.596654,-0.009633,15.49543,-0.00529,12.080466
2025-04-02,540.0,545.65,526.0,541.95,1014446.0,98.964538,102.661597,99.32191,103.032319,1.95,1.025259,19.65,-0.471437,2.549661,0.587018,-1.765686,3.157642,0.587018,0.756352,5.326452,0.050485,1.090402,1.797204,0.050485,-0.463503,4.532203,0.328485,0.842498,1.950898,0.328485,-0.151189,3.957483,0.297272,0.842041,2.200651,0.297272,0.037582,3.498514,0.282313,0.938322,2.776873,0.282313,0.054785,0.063189,0.060123,0.044993,0.046769,0.052515,0.041996,0.042946,0.046237,0.037002,0.03771,0.040725,0.033519,0.034153,0.036563,-0.511523,4.677306,-0.200371,25.617596,0.042923,19.746375,-0.007221,15.461611,-0.005174,12.089167
2025-04-03,530.15,540.8,530.05,535.4,878533.0,98.030695,100.018866,99.001479,101.009339,5.25,-1.208599,10.75,-1.008307,2.308344,-0.086768,-1.453924,2.288567,-0.086768,0.606543,5.338044,-0.340039,1.173549,1.908478,-0.340039,-0.391092,4.489753,-0.182083,0.835664,2.067339,-0.182083,-0.127199,3.943566,-0.274219,0.839106,2.248004,-0.274219,0.024434,3.49823,-0.352473,0.949397,2.793196,-0.352473,0.053115,0.061199,0.059123,0.04422,0.045922,0.051971,0.04163,0.04267,0.046107,0.036898,0.03766,0.040734,0.033506,0.034136,0.036584,-0.074799,4.251573,-0.212159,25.573339,0.030478,19.561279,-0.009944,15.3138,-0.005151,12.087966
2025-04-04,535.4,538.0,510.8,518.4,984436.0,99.516729,104.815975,96.356877,101.487862,17.0,-3.175196,27.2,-1.522747,2.47597,-0.667395,-0.401739,-1.803221,-0.667395,0.305029,5.374535,-0.64754,1.31236,2.115378,-0.64754,-0.431784,4.505876,-0.608852,0.850031,2.028566,-0.608852,-0.124649,3.941491,-0.773958,0.839751,2.255541,-0.773958,0.007165,3.505486,-0.907823,0.954579,2.767636,-0.907823,0.026667,0.027254,0.029365,0.044208,0.045855,0.051924,0.041722,0.042717,0.046137,0.036919,0.037713,0.040776,0.033561,0.034185,0.036611,-0.386584,4.605447,-0.230681,25.671989,0.022092,19.795223,-0.013756,15.222313,-0.005591,12.122805
2025-04-07,480.05,499.0,471.7,493.4,1624667.0,96.202405,101.770193,98.877756,104.600382,13.35,-4.822531,27.3,-2.599663,2.513224,-0.884469,0.741346,-0.946783,-0.884469,-0.285573,5.24886,-0.86437,1.610331,3.34329,-0.86437,-0.478977,4.539813,-0.956769,0.846269,1.930892,-0.956769,-0.160087,3.967815,-1.175066,0.833635,2.16652,-1.175066,-0.033263,3.514361,-1.362771,0.965015,2.768278,-1.362771,0.027524,0.02737,0.044975,0.043984,0.045759,0.054245,0.041874,0.042915,0.047556,0.037018,0.037817,0.041563,0.033556,0.034185,0.037012,-0.421102,4.69838,-0.198387,24.864371,0.006786,20.188109,-0.017247,15.338275,-0.005821,12.176048
2025-04-08,503.25,505.0,478.8,488.4,1903705.0,99.653465,105.106516,96.712871,102.005013,14.85,-1.013377,26.2,-1.838889,2.234385,0.369458,-0.173257,-0.459654,0.369458,-1.06186,3.926686,0.012347,1.383958,4.891848,0.012347,-0.469976,4.538267,-0.119737,0.841118,1.930562,-0.119737,-0.206361,3.950301,-0.204292,0.871541,2.293149,-0.204292,-0.03501,3.514763,-0.278359,0.96611,2.767603,-0.278359,0.027447,0.028775,0.046719,0.037758,0.041168,0.050635,0.041857,0.042846,0.047569,0.036567,0.03722,0.04055,0.033615,0.034245,0.037093,-0.76912,2.810891,0.024867,14.627359,0.003118,20.181923,-0.015466,15.249509,-0.006062,12.169299
2025-04-09,489.0,491.9,473.3,477.35,1022975.0,99.410449,103.317135,97.042082,100.855694,11.65,-2.26249,18.6,-2.496438,1.563982,0.149585,-0.815549,-0.253311,0.149585,-0.786639,3.612313,-0.408561,1.895001,6.61477,-0.408561,-0.452432,4.529423,-0.399622,0.836986,1.954304,-0.399622,-0.225128,3.955616,-0.515056,0.881109,2.282307,-0.515056,-0.053302,3.516798,-0.628182,0.978564,2.775458,-0.628182,0.027631,0.028251,0.046016,0.036644,0.040494,0.049889,0.04178,0.042756,0.047455,0.036583,0.037215,0.040548,0.033634,0.03426,0.037101,0.005404,1.956772,-0.098154,12.076028,-0.007638,20.093209,-0.016796,15.255351,-0.006179,12.178772
2025-04-11,494.9,500.8,481.2,495.8,1532778.0,98.821885,102.847049,99.001597,103.034081,0.9,3.865089,19.6,-1.481701,3.295686,1.62236,1.284321,2.071129,1.62236,-0.278814,3.510177,1.180539,1.941142,6.0744,1.180539,-0.26025,4.504105,0.915906,0.770955,1.891411,0.915906,-0.20228,3.972711,1.023827,0.862459,2.181109,1.023827,-0.02338,3.524581,1.103243,0.954366,2.697995,1.103243,0.029144,0.030405,0.049114,0.035728,0.03985,0.04991,0.041337,0.042474,0.047487,0.036601,0.037259,0.040754,0.033646,0.03429,0.037216,1.664061,3.151039,-0.118618,11.237439,-0.010438,19.858536,-0.013272,15.477827,-0.005905,12.244315
2025-04-15,502.0,513.6,493.5,507.35,2291682.0,97.741433,101.722391,98.7831,102.806484,5.35,2.329568,20.1,-0.380748,3.501555,0.774032,0.018435,-1.506861,0.774032,-0.062383,3.531908,0.67724,1.731313,5.302232,0.67724,-0.311771,4.45831,0.592453,0.802168,2.103928,0.592453,-0.164113,3.978572,0.626778,0.832289,2.117901,0.626778,-0.020811,3.526116,0.666563,0.951701,2.685815,0.666563,0.027752,0.029773,0.048983,0.03519,0.039385,0.049554,0.040728,0.041774,0.046855,0.03662,0.037281,0.040748,0.033666,0.034321,0.037245,1.918266,2.449218,-0.108517,11.459102,0.008307,19.464622,-0.012547,15.539572,-0.005277,12.278503
2025-04-16,511.85,518.5,507.35,512.95,1284994.0,98.717454,100.886962,98.929605,101.103775,1.1,1.103775,11.15,0.804513,2.474556,0.120935,-0.071902,-1.580578,0.120935,0.044764,3.533221,0.299729,1.631604,5.037474,0.299729,-0.330351,4.450268,0.322256,0.817147,2.155467,0.322256,-0.223907,3.912944,0.339305,0.85652,2.403245,0.339305,-0.032455,3.518491,0.322931,0.963296,2.74385,0.322931,0.023999,0.025979,0.032269,0.035009,0.03925,0.049454,0.040399,0.041357,0.046143,0.036314,0.037066,0.040562,0.033585,0.03423,0.037164,0.882636,3.340648,-0.107281,11.476786,0.01738,19.345883,-0.007402,15.112374,-0.004589,12.247698
2025-04-17,513.0,514.1,499.0,509.9,1372414.0,99.786034,102.805611,99.183038,102.184369,3.1,-0.5946,15.1,0.888268,2.403717,-0.616906,-0.154688,-1.026933,-0.616906,0.066079,3.527735,-0.187281,1.62035,5.041746,-0.187281,-0.453748,4.367953,-0.032247,0.899983,2.598024,-0.032247,-0.237877,3.911737,-0.091193,0.868052,2.422816,-0.091193,-0.026322,3.516426,-0.161607,0.960356,2.750266,-0.161607,0.020864,0.023376,0.029264,0.034958,0.039203,0.049455,0.040045,0.04112,0.045967,0.03631,0.037062,0.040578,0.033572,0.034228,0.037169,0.057447,4.615684,-0.133241,11.232377,0.03122,18.49445,-0.007,15.107841,-0.004942,12.222009
2025-04-21,515.0,518.8,507.45,512.6,855891.0,99.26754,101.487831,98.804934,101.014878,2.4,0.529516,11.35,1.446669,1.71419,-0.535036,0.456255,-0.341893,-0.535036,0.092555,3.5292,0.123813,1.59346,4.968001,0.123813,-0.41198,4.367155,0.215586,0.871175,2.56544,0.215586,-0.213362,3.908756,0.190055,0.851741,2.416804,0.190055,-0.035258,3.51271,0.16078,0.96963,2.783831,0.16078,0.019064,0.022136,0.028708,0.035084,0.039353,0.04961,0.039243,0.040055,0.045063,0.036265,0.037026,0.040553,0.033562,0.034222,0.037169,-0.959531,0.509357,-0.127664,11.290578,0.030828,18.492691,-0.007565,15.077913,-0.004506,12.20976
2025-04-22,514.35,516.75,506.5,509.7,1071846.0,99.535559,101.549852,98.635704,100.631787,4.65,-0.565743,10.25,0.560503,1.227639,-0.917408,0.61413,-0.696704,-0.917408,-0.507441,2.308458,-0.025256,-0.35591,-0.17625,-0.025256,-0.344798,4.33775,-0.050936,0.851899,2.654354,-0.050936,-0.336525,3.717325,-0.061662,0.748066,2.587255,-0.061662,-0.029384,3.510826,-0.152773,0.966686,2.789452,-0.152773,0.016656,0.019096,0.02067,0.034793,0.038976,0.042603,0.038589,0.039333,0.044403,0.035478,0.036373,0.039909,0.033563,0.034227,0.037172,-0.636488,0.395443,0.04201,5.003849,0.021863,18.340215,-0.000523,13.680095,-0.004842,12.186115
2025-04-23,515.05,533.9,512.7,521.25,2798867.0,96.469376,100.458358,97.630642,101.667642,6.2,2.266039,21.2,0.547797,1.20487,1.426081,0.565294,-0.85119,1.426081,-0.403836,2.386764,1.118617,-0.376531,-0.399919,1.118617,-0.108783,4.144248,0.57304,1.035845,2.993102,0.57304,-0.392121,3.634674,0.731334,0.734155,2.896991,0.731334,-0.01625,3.514492,0.649394,0.953758,2.751455,0.649394,0.016759,0.019159,0.021249,0.034537,0.038636,0.042438,0.037399,0.038915,0.044002,0.03443,0.035253,0.03877,0.033601,0.034278,0.037228,0.235339,1.0506,0.092706,5.126046,0.0055,16.824995,0.00597,13.049052,-0.00455,12.220899
2025-04-24,522.95,532.8,512.4,520.15,1666237.0,98.151276,102.058938,97.625751,101.51249,2.8,-0.211031,20.4,0.284836,1.196642,-0.414382,1.549849,2.115002,-0.414382,-0.390193,2.387062,0.075055,-0.395409,-0.390586,0.075055,-0.127475,4.142524,-0.02017,1.051067,3.023812,-0.02017,-0.407461,3.630598,0.054104,0.748479,2.936462,0.054104,-0.048251,3.486732,-0.046685,0.975917,2.922361,-0.046685,0.018887,0.021687,0.02302,0.034794,0.038979,0.042671,0.037437,0.038963,0.043971,0.034293,0.035067,0.038513,0.033491,0.034218,0.037171,0.250366,1.020196,0.094196,5.118137,0.007298,16.806208,0.007117,13.007225,-0.003643,12.052274
2025-04-25,523.3,524.65,495.05,506.75,1687064.0,99.742686,105.706494,96.588202,102.363398,16.55,-2.57618,29.6,-0.11148,1.757447,-1.402432,-0.104751,1.049913,-1.402432,-0.609621,2.375615,-0.82781,-0.184513,-0.48563,-0.82781,-0.148187,4.152311,-0.584733,1.055718,2.990578,-0.584733,-0.388544,3.614119,-0.605303,0.75513,3.014844,-0.605303,-0.06152,3.491297,-0.720265,0.981683,2.907767,-0.720265,0.023149,0.025333,0.026394,0.035375,0.039471,0.043168,0.037623,0.039191,0.044155,0.034282,0.035117,0.038571,0.033565,0.03429,0.037245,-0.585668,1.784883,0.097745,5.043694,-0.001924,16.896084,0.003368,12.921785,-0.004001,12.07484
2025-04-28,505.0,526.8,500.8,525.15,1224145.0,95.861807,100.838658,99.686788,104.86222,20.15,3.630982,26.0,0.508813,2.450806,1.273935,0.138313,-1.183572,1.273935,-0.253098,2.45289,1.583471,-0.257902,-0.335881,1.583471,-0.12198,4.172297,0.899495,1.032384,2.857233,0.899495,-0.314744,3.62015,1.089934,0.711301,2.919543,1.089934,-0.035156,3.499203,1.047706,0.958644,2.830522,1.047706,0.02618,0.027063,0.027689,0.03469,0.038773,0.042538,0.037667,0.039124,0.044056,0.034283,0.035115,0.03857,0.03362,0.03433,0.037281,0.355123,4.552937,0.112696,5.293544,0.013014,17.024636,0.003719,12.962905,-0.003689,12.13785
2025-04-29,529.8,539.8,519.85,523.35,1177485.0,98.147462,101.914014,96.952575,100.673271,6.45,-0.342759,19.95,0.55341,2.42829,-0.369054,0.068491,-0.98145,-0.369054,-0.344024,2.4189,0.000523,-0.16492,-0.213122,0.000523,-0.08021,4.15914,-0.063126,1.014463,2.887056,-0.063126,-0.282543,3.605257,-0.016702,0.700347,2.985877,-0.016702,-0.03246,3.498755,-0.088688,0.956746,2.830502,-0.088688,0.027545,0.02879,0.029623,0.034303,0.038286,0.042221,0.037628,0.039117,0.044063,0.034234,0.035135,0.038588,0.033637,0.034351,0.037306,-0.137558,4.679429,0.138713,4.91875,0.006839,16.942738,0.001734,12.865395,-0.003862,12.130362
2025-04-30,524.0,532.75,511.25,520.15,1366485.0,98.357579,102.493888,97.634913,101.740831,3.85,-0.611445,21.5,-0.022087,2.25578,-0.261266,1.155919,2.657869,-0.261266,-0.344446,2.418948,-0.110378,-0.164336,-0.213529,-0.110378,-0.053697,4.151279,-0.134356,1.002136,2.904264,-0.134356,-0.287847,3.605348,-0.089755,0.704788,2.98957,-0.089755,-0.036272,3.49897,-0.164384,0.959848,2.833326,-0.164384,0.027617,0.029005,0.02887,0.025124,0.026634,0.033627,0.037581,0.039102,0.04402,0.034273,0.035192,0.038618,0.033663,0.03439,0.037319,0.143259,4.029789,0.130804,4.989852,0.001041,16.888231,0.00166,12.86625,-0.003921,12.130331
2025-05-02,516.0,516.9,502.85,509.35,771544.0,99.825885,102.615094,98.539369,101.292632,6.65,-2.076324,14.05,-0.395145,2.441439,-0.688601,1.435197,2.321589,-0.688601,-0.476365,2.438771,-0.656051,-0.003815,-0.328482,-0.656051,-0.163284,4.130435,-0.463157,1.085359,3.1385,-0.463157,-0.309422,3.60957,-0.489505,0.71935,2.979484,-0.489505,-0.043798,3.501744,-0.580433,0.963096,2.823733,-0.580433,0.0266,0.027459,0.027885,0.024484,0.025731,0.032987,0.037263,0.038796,0.043798,0.034304,0.035226,0.038657,0.033641,0.034358,0.037295,-0.324272,4.558197,0.120376,5.168424,0.004748,16.714588,0.000822,12.898144,-0.004306,12.139093
2025-05-05,509.8,536.75,507.55,526.45,1828064.0,94.979041,100.443306,98.081043,103.723771,16.65,3.35722,29.2,0.791535,2.555621,1.003938,0.298913,-2.681067,1.003938,-0.067641,2.356587,1.453314,0.028791,-0.456097,1.453314,-0.063142,4.154286,0.823333,1.005338,2.896734,0.823333,-0.275242,3.628084,1.001207,0.690189,2.840026,1.001207,-0.029485,3.509796,0.964929,0.948724,2.758721,0.964929,0.026268,0.027012,0.027031,0.024569,0.0262,0.033321,0.037452,0.038984,0.043961,0.034453,0.035373,0.038781,0.033714,0.034428,0.037359,-0.228109,5.120891,0.106601,4.897983,0.009391,16.894569,0.00315,13.023093,-0.003717,12.211019
2025-05-06,530.0,532.0,501.15,504.55,893168.0,99.62406,105.756759,94.840226,100.67844,25.45,-4.159939,30.85,-0.76665,2.758611,-1.230072,0.573479,1.168601,-1.230072,-0.326901,2.510239,-1.526961,0.11118,-0.668063,-1.526961,-0.225451,4.152609,-0.947474,1.089085,3.082602,-0.947474,-0.338332,3.640335,-1.049796,0.720734,2.822476,-1.049796,-0.050999,3.521901,-1.166682,0.949298,2.712565,-1.166682,0.027615,0.027596,0.0277,0.025372,0.026373,0.033394,0.037084,0.038402,0.043535,0.034545,0.035379,0.038802,0.033783,0.034454,0.037384,-0.366569,5.8192,0.065396,5.844038,0.009593,16.880111,0.002312,13.115064,-0.004308,12.279916
2025-05-07,503.05,518.9,495.05,517.0,885193.0,96.945462,101.615998,99.633841,104.433896,13.95,2.467545,23.85,-0.204589,3.128119,0.85423,-0.0577,-1.877311,0.85423,-0.143094,2.576008,1.013444,-0.058392,-0.872573,1.013444,-0.034093,4.048482,0.61792,1.137836,3.317645,0.61792,-0.346604,3.632928,0.774623,0.726562,2.870807,0.774623,-0.041872,3.526069,0.711675,0.939903,2.676755,0.711675,0.028636,0.028194,0.028036,0.026007,0.026985,0.033497,0.036746,0.038031,0.042991,0.034606,0.035427,0.038786,0.033831,0.034499,0.037425,0.407437,7.496092,0.091395,6.026289,-0.000907,16.062234,0.006181,13.034356,-0.003827,12.322172
2025-05-08,518.95,536.5,518.0,526.1,1279306.0,96.728798,100.183398,98.06151,101.563707,7.15,1.760155,18.5,0.269731,3.229175,0.461549,-0.6988,-1.855972,0.461549,0.103673,2.505692,0.661087,-0.26359,-0.642995,0.661087,-0.070749,4.02319,0.455088,1.174213,3.514459,0.455088,-0.36282,3.619713,0.586504,0.739032,2.961194,0.586504,-0.038663,3.527422,0.509953,0.936562,2.664791,0.509953,0.028044,0.027168,0.02769,0.025496,0.026612,0.033293,0.036177,0.0374,0.042532,0.034519,0.035359,0.038736,0.033851,0.03452,0.03744,0.678328,7.4218,0.070709,5.798327,0.012197,15.831354,0.009692,12.893029,-0.003383,12.342335
2025-05-09,515.9,521.75,506.4,515.65,700107.0,98.878773,101.875987,98.830858,101.826619,0.25,-1.986314,15.35,0.287733,3.213037,-0.707756,-0.719434,-1.735642,-0.707756,0.245484,2.282539,-0.97777,-0.013096,-0.87752,-0.97777,-0.096531,4.031409,-0.468765,1.184831,3.493705,-0.468765,-0.396809,3.618831,-0.439232,0.766177,2.996317,-0.439232,-0.032821,3.523201,-0.554465,0.937562,2.683164,-0.554465,0.028213,0.027646,0.02909,0.024679,0.025805,0.028186,0.035994,0.037158,0.042402,0.034448,0.035268,0.038694,0.033749,0.034411,0.037367,-0.476697,7.804407,-0.03693,4.904138,0.006156,15.919319,0.009803,12.8849,-0.004144,12.293639
2025-05-12,549.0,578.8,545.5,559.5,9735728.0,94.851417,100.641613,96.665515,102.566453,10.5,8.50383,33.3,1.317055,4.849727,1.481893,0.629984,0.334509,1.481893,0.721345,2.91165,2.672878,0.782871,1.285393,2.672878,0.019511,4.193832,2.023047,1.142964,2.777427,2.023047,-0.304623,3.726466,2.363755,0.766393,2.589094,2.363755,0.030047,3.562763,2.37843,0.930406,2.526144,2.37843,0.028697,0.029233,0.041897,0.024924,0.026327,0.031688,0.035965,0.037147,0.043343,0.034589,0.03544,0.039372,0.033803,0.034489,0.037687,2.087368,10.101674,0.061169,7.929409,0.033245,17.006301,0.014898,13.56274,-0.003478,12.589482
2025-05-13,559.5,564.0,547.25,550.6,955700.0,99.202128,102.238465,97.624113,100.612152,8.9,-1.590706,16.75,1.830902,4.219503,-0.810903,1.118749,1.197006,-0.810903,0.754934,2.879109,-0.81471,0.805638,1.406377,-0.81471,-0.048302,4.191868,-0.367951,1.192295,2.870319,-0.367951,-0.311547,3.728223,-0.343102,0.770614,2.584473,-0.343102,0.015847,3.563538,-0.450831,0.941193,2.536653,-0.450831,0.025133,0.027492,0.040626,0.024714,0.026171,0.031564,0.03561,0.036707,0.042916,0.034605,0.03545,0.03938,0.033796,0.034477,0.037677,-0.137283,14.205673,-0.018973,7.862838,0.033816,16.982179,0.013774,13.602557,-0.003536,12.593623
2025-05-14,555.0,595.7,550.95,574.05,4959820.0,93.167702,100.735094,96.36562,104.192758,19.05,4.25899,44.75,2.189191,4.36077,0.474641,0.672174,-0.684019,0.474641,0.774629,2.902755,1.200364,0.794431,1.278369,1.200364,0.120523,4.191961,0.987239,1.109742,2.668687,0.987239,-0.286279,3.750709,1.211843,0.753198,2.450839,1.211843,0.048114,3.57263,1.178649,0.916362,2.455311,1.178649,0.030198,0.033378,0.045193,0.026306,0.02785,0.032042,0.036088,0.037271,0.043321,0.034859,0.035737,0.039642,0.033888,0.034592,0.03779,0.539328,14.631306,0.080192,7.790862,0.033827,16.982789,0.017728,13.665258,-0.003236,12.664952
2025-05-15,578.0,619.2,572.95,615.2,8136491.0,93.346253,100.881403,99.354005,107.374116,37.2,7.168365,46.25,3.270833,4.868871,0.8005,-0.204765,-2.875084,0.8005,1.016569,3.223149,1.908629,0.779506,0.409095,1.908629,0.311974,4.291709,1.59759,0.993125,2.101671,1.59759,-0.226314,3.821523,1.935008,0.739994,2.156435,1.935008,0.067319,3.600561,1.972206,0.914458,2.342148,1.972206,0.035465,0.036159,0.046974,0.027784,0.028521,0.032577,0.036561,0.037531,0.043528,0.035129,0.035894,0.039782,0.033995,0.034659,0.037854,1.406452,15.008512,0.196083,8.590836,0.044227,17.643041,0.02304,14.015662,-0.001679,12.889817
2025-05-16,619.9,622.9,598.1,605.15,1979336.0,99.518382,103.644875,97.150425,101.178733,14.75,-1.633615,24.8,3.341373,4.775321,-1.041812,-0.186347,-2.880377,-1.041812,0.879699,3.276923,-0.766974,0.850133,0.348222,-0.766974,0.37402,4.239347,-0.473572,1.018476,2.256635,-0.473572,-0.237643,3.824024,-0.365053,0.747103,2.15208,-0.365053,0.062183,3.602259,-0.47076,0.916985,2.33757,-0.47076,0.036229,0.036587,0.046596,0.028164,0.028841,0.032835,0.036308,0.037425,0.043438,0.035174,0.035931,0.039815,0.034034,0.034696,0.03789,-1.151582,15.590671,0.1596,9.35436,0.027287,17.457557,0.022038,14.072234,-0.002035,12.897587
2025-05-19,609.9,616.9,597.25,600.4,1211927.0,98.865294,102.118041,97.325336,100.527417,9.5,-0.784929,19.65,1.483621,4.010423,-0.565664,0.866034,-1.650839,-0.565664,0.870183,3.281703,-0.504346,0.85376,0.339628,-0.504346,0.50336,4.09824,-0.314352,1.165171,2.604043,-0.314352,-0.190866,3.787904,-0.156832,0.757895,2.276223,-0.156832,0.056279,3.602677,-0.233495,0.921561,2.341234,-0.233495,0.033688,0.033181,0.03354,0.028215,0.02884,0.032776,0.035678,0.037131,0.043174,0.035107,0.03586,0.039637,0.034046,0.034706,0.037902,-0.428105,12.500243,0.112542,9.809963,0.005885,16.452446,0.018546,13.918121,-0.002111,12.899532
2025-05-20,605.0,606.15,584.0,585.1,1142479.0,99.810278,103.59589,96.527262,100.188356,19.9,-2.548301,22.15,1.292102,4.211753,-0.91183,0.771749,-1.726544,-0.91183,0.716292,3.369509,-0.968863,0.880083,0.208793,-0.968863,0.484081,4.11051,-0.737714,1.163511,2.564144,-0.737714,-0.184284,3.783179,-0.624876,0.758139,2.294867,-0.624876,0.044934,3.607309,-0.718884,0.92564,2.326847,-0.718884,0.034194,0.032895,0.033512,0.0285,0.028861,0.032793,0.035318,0.036564,0.042722,0.035017,0.035774,0.039552,0.034077,0.034718,0.037917,-2.156788,4.887627,0.058327,10.672793,-0.006409,16.549814,0.015318,13.973799,-0.00255,12.925934
2025-05-21,581.3,586.8,562.05,575.0,1634887.0,99.062713,103.424962,97.989093,102.304065,6.3,-1.726201,24.75,0.095064,4.003083,-0.454965,2.101452,4.522462,-0.454965,0.658269,3.402577,-0.700784,0.893018,0.15578,-0.700784,0.413805,4.1178,-0.519696,1.206717,2.612579,-0.519696,-0.181868,3.782105,-0.408326,0.757211,2.298735,-0.408326,0.040502,3.608945,-0.489534,0.927577,2.32203,-0.489534,0.029382,0.027143,0.027367,0.028957,0.029473,0.033339,0.035075,0.036331,0.042505,0.035022,0.035811,0.039587,0.0341,0.034747,0.037943,-1.870382,5.823083,0.003192,10.998314,-0.008417,16.602399,0.013321,14.013413,-0.002948,12.930395
2025-05-22,576.45,588.7,568.0,572.35,935197.0,97.919144,101.487676,97.222694,100.765845,4.1,-0.46087,20.7,-1.430783,0.82691,1.172938,-0.182682,-0.974352,1.172938,0.521924,3.38937,-0.289963,1.029317,0.402175,-0.289963,0.347486,4.10436,-0.19695,1.26443,2.773062,-0.19695,-0.185733,3.782192,-0.072745,0.760283,2.301471,-0.072745,0.044426,3.607966,-0.14005,0.925253,2.323662,-0.14005,0.022826,0.023641,0.024177,0.028844,0.02935,0.033101,0.034924,0.036208,0.042416,0.035075,0.035885,0.039643,0.034028,0.03466,0.037849,0.140422,0.507587,0.01259,10.908169,-0.004496,16.504648,0.013221,14.016285,-0.003217,12.917844
2025-05-23,572.65,587.8,568.15,581.65,1260618.0,97.422593,100.792044,98.953726,102.376133,9.0,1.62488,19.65,-0.779084,1.573809,1.527482,0.805661,0.967124,1.527482,0.613719,3.393334,0.297984,0.938117,0.25302,0.297984,0.240193,3.995872,0.346529,1.357231,3.425255,0.346529,-0.165223,3.786434,0.472768,0.742279,2.260966,0.472768,0.044184,3.607858,0.438126,0.9255,2.324537,0.438126,0.02203,0.02314,0.023398,0.028729,0.029122,0.032924,0.034601,0.035935,0.042011,0.035068,0.035871,0.039595,0.034007,0.034628,0.037813,0.690705,1.027352,0.016773,10.929623,0.014775,15.602186,0.014151,14.026861,-0.002735,12.926617
2025-05-26,584.7,595.0,577.7,590.8,654851.0,98.268908,101.211702,99.294118,102.267613,6.1,1.573111,17.3,-0.307476,1.892631,0.993636,-0.01504,-2.572213,0.993636,0.821184,3.313955,0.226897,0.851765,0.272337,0.226897,-0.018592,3.431891,0.463798,0.8507,2.310904,0.463798,-0.166405,3.785867,0.459476,0.743351,2.264997,0.459476,0.049444,3.609323,0.422148,0.92033,2.310498,0.422148,0.021738,0.022988,0.023083,0.027933,0.028344,0.032162,0.031297,0.033438,0.039888,0.035054,0.035861,0.039583,0.034005,0.034625,0.037807,1.15939,0.17727,-0.019888,10.420034,0.052864,10.960341,0.016309,13.967842,-0.002435,12.942312
2025-05-27,591.8,617.55,588.15,606.0,2537329.0,95.830297,100.62059,98.129706,103.03494,14.2,2.572783,29.4,0.716741,1.757677,1.055963,-0.647733,-1.369918,1.055963,0.768274,3.274952,0.551003,0.908434,0.494323,0.551003,0.188202,3.262828,0.730832,1.086917,2.492677,0.730832,-0.128254,3.794129,0.711899,0.711836,2.19087,0.711899,0.072222,3.610808,0.692521,0.902717,2.278923,0.692521,0.023328,0.025899,0.025672,0.027874,0.028593,0.032358,0.030867,0.033244,0.039623,0.035018,0.035804,0.039532,0.034039,0.03466,0.037768,1.063195,0.210775,0.0495,10.10757,0.039986,10.100164,0.017284,14.002546,-0.002365,12.954102
2025-05-28,606.75,609.25,590.0,592.1,1475802.0,99.589659,102.838983,97.185064,100.355932,14.65,-2.293729,19.25,0.603235,1.961393,-1.476993,-0.877918,-0.505323,-1.476993,0.670725,3.338231,-0.888031,0.912206,0.371998,-0.888031,0.268156,3.14776,-0.813876,1.306141,2.817084,-0.813876,-0.154032,3.800051,-0.563071,0.727359,2.179392,-0.563071,0.040776,3.603847,-0.647781,0.926414,2.346386,-0.647781,0.022014,0.023477,0.02306,0.027748,0.028271,0.03202,0.030368,0.032776,0.039162,0.035055,0.035822,0.039548,0.033998,0.03459,0.037556,-0.271782,2.929921,-0.011785,10.581982,0.018277,9.640655,0.016247,14.076034,-0.002127,12.907704
2025-05-29,596.0,597.4,582.0,595.4,1149964.0,99.765651,102.405498,99.665216,102.302405,0.6,0.557338,15.4,0.806876,1.874213,-0.133143,-1.475909,2.428947,-0.133143,0.729164,3.324808,-0.05168,0.868055,0.356015,-0.05168,0.319284,3.130899,0.076034,1.28441,2.848406,0.076034,-0.165252,3.796238,0.190344,0.737507,2.209062,0.190344,0.028186,3.597586,0.147085,0.938833,2.394738,0.147085,0.021009,0.022251,0.022594,0.027416,0.027837,0.031863,0.030006,0.032423,0.038903,0.035044,0.03582,0.039573,0.033919,0.034487,0.037417,-0.600192,2.089677,-0.03365,10.46398,0.013406,9.569053,0.017781,14.003868,-0.001592,12.869463
2025-05-30,598.0,598.0,576.3,581.25,947852.0,100.0,103.7654,97.198997,100.858928,16.75,-2.376554,21.7,0.00659,2.253525,-1.057518,-0.174625,-2.681261,-1.057518,0.714153,3.33879,-0.925697,0.85981,0.328182,-0.925697,0.292536,3.148405,-0.847759,1.278015,2.773396,-0.847759,-0.201753,3.79981,-0.572345,0.762245,2.220069,-0.572345,-0.022577,3.559135,-0.66139,0.958886,2.573017,-0.66139,0.021367,0.021738,0.022414,0.027615,0.027888,0.031869,0.030029,0.0324,0.038884,0.035082,0.035829,0.039578,0.033634,0.034223,0.037171,-0.991477,2.096645,-0.122314,10.092693,0.003736,9.711299,0.017339,14.043657,-0.000783,12.602059
2025-06-02,582.0,582.9,572.85,575.55,828820.0,99.8456,101.597277,98.739063,100.471328,6.45,-0.980645,10.05,-0.504161,2.093431,-0.227609,0.814026,-0.612702,-0.227609,0.49726,3.298712,-0.448025,1.073021,0.807824,-0.448025,0.293341,3.148067,-0.404688,1.277765,2.774455,-0.404688,-0.23075,3.794523,-0.197626,0.786941,2.273391,-0.197626,-0.032966,3.558882,-0.266286,0.967679,2.586063,-0.266286,0.020385,0.020358,0.021093,0.026676,0.026919,0.03104,0.029934,0.032276,0.038773,0.035063,0.035806,0.039553,0.033488,0.034052,0.036882,-0.718968,2.472132,-0.104793,9.972285,-0.002477,9.710845,0.018162,13.97957,-0.000757,12.600404
2025-06-03,577.0,594.9,576.1,590.15,918452.0,96.991091,100.156223,99.201546,102.438813,13.15,2.536704,18.8,-0.511377,2.080194,1.465287,0.800129,-0.665677,1.465287,0.832092,3.137012,0.543387,1.09786,0.764783,0.543387,0.344075,3.163646,0.69307,1.21646,2.5772,0.69307,-0.172223,3.79159,0.714457,0.751073,2.238548,0.714457,-0.02384,3.563138,0.71862,0.958312,2.550535,0.71862,0.017841,0.016848,0.017886,0.025804,0.026422,0.030587,0.030058,0.032375,0.038856,0.034918,0.035711,0.039433,0.033474,0.034021,0.036857,0.812288,2.142141,-0.149193,8.608706,0.002083,9.807577,0.017936,13.964338,-0.000261,12.632249
2025-06-04,592.8,595.4,583.0,591.15,1002418.0,99.563319,101.680961,99.286194,101.397942,1.65,0.169448,12.4,-0.018742,1.829079,0.102888,0.196643,0.322249,0.102888,0.717187,3.115972,-0.175784,1.234211,1.090564,-0.175784,0.11878,2.729006,0.018566,0.727067,1.151309,0.018566,-0.184354,3.788505,0.093388,0.762006,2.265729,0.093388,-0.08465,3.453307,0.073581,0.873588,2.509437,0.073581,0.01661,0.016451,0.017821,0.025178,0.025849,0.030124,0.029928,0.032207,0.035399,0.034874,0.035665,0.039402,0.032644,0.033254,0.0361,0.413748,2.33405,-0.132836,8.637106,0.028832,7.125408,0.019081,13.905862,0.00163,11.856847
2025-06-05,591.8,596.7,585.35,587.15,716723.0,99.178817,101.101905,98.399531,100.307508,4.65,-0.676647,11.35,-0.265539,1.815114,-0.226492,0.853132,1.425466,-0.226492,0.595347,3.120682,-0.407601,1.35145,1.312813,-0.407601,0.101369,2.731293,-0.284853,0.744638,1.157272,-0.284853,-0.160438,3.777649,-0.136648,0.753777,2.303822,-0.136648,-0.09499,3.451962,-0.168501,0.883265,2.528678,-0.168501,0.015916,0.015316,0.0156,0.024867,0.025476,0.029729,0.029654,0.031853,0.035099,0.034737,0.035539,0.039298,0.032303,0.03279,0.035732,0.454991,2.221677,-0.13628,8.634193,0.027144,7.157317,0.017041,13.885955,0.001764,11.846083
2025-06-06,586.1,597.0,580.0,591.75,1346736.0,98.174204,101.051724,99.120603,102.025862,5.65,0.783445,17.0,0.366461,1.398697,0.298123,1.021288,0.717731,0.298123,0.733835,3.060971,0.016207,1.316272,1.354961,0.016207,0.126716,2.731631,0.240417,0.715904,1.125741,0.240417,-0.125684,3.770104,0.241142,0.733374,2.31632,0.241142,-0.098591,3.450661,0.255614,0.887006,2.540644,0.255614,0.014662,0.015384,0.015265,0.024846,0.025413,0.029348,0.029691,0.031905,0.035119,0.034669,0.035509,0.039261,0.032211,0.032679,0.035618,0.031483,1.563101,-0.174356,7.890261,0.027316,7.157183,0.016067,13.856429,0.002136,11.83231
2025-06-09,594.55,616.9,592.65,607.45,1675168.0,96.377047,100.320594,98.468147,102.497258,12.9,2.653147,24.25,1.09322,1.466182,1.063938,0.058377,-2.370359,1.063938,0.441301,2.509149,0.881513,1.069805,1.186332,0.881513,0.143531,2.744775,0.914325,0.698177,1.038067,0.914325,-0.085599,3.778198,0.724882,0.700647,2.241452,0.724882,-0.072887,3.451922,0.789715,0.867723,2.506675,0.789715,0.017583,0.018472,0.018516,0.024146,0.024419,0.024709,0.029751,0.031939,0.035154,0.034658,0.035472,0.03924,0.032208,0.032687,0.035626,0.084688,1.705409,-0.024253,5.961477,0.037389,7.091999,0.016973,13.89199,0.002187,11.840243
2025-06-10,609.75,616.3,601.55,608.6,926163.0,98.937206,101.363145,98.750608,101.171972,1.15,0.189316,14.75,0.623742,1.24801,-0.348095,1.28344,2.254115,-0.348095,0.530302,2.46445,-0.138362,1.041361,1.308662,-0.138362,0.217307,2.693962,-0.01039,0.705402,1.200346,-0.01039,-0.035227,3.74752,0.059918,0.698001,2.350077,0.059918,-0.071181,3.451967,0.075463,0.866194,2.504636,0.075463,0.016646,0.018323,0.018276,0.024025,0.024354,0.024657,0.029184,0.031469,0.034726,0.034504,0.035314,0.039048,0.032203,0.032679,0.035613,0.336953,1.018948,-0.059938,5.650386,0.028575,6.942244,0.01425,13.734262,0.002214,11.840153
2025-06-11,608.8,615.5,601.5,611.95,1368339.0,98.911454,101.213633,99.423233,101.737323,3.15,0.550444,14.0,0.699941,1.224752,-0.122063,1.067547,2.118583,-0.122063,0.344875,2.303388,0.089246,1.296321,2.779708,0.089246,0.198801,2.688313,0.130804,0.729231,1.257753,0.130804,-0.047644,3.743459,0.159769,0.709269,2.382857,0.159769,-0.0554,3.447533,0.175733,0.857715,2.515583,0.175733,0.016833,0.018518,0.01822,0.021835,0.021803,0.021977,0.028889,0.031103,0.034435,0.034459,0.035285,0.03901,0.032135,0.032601,0.035526,0.186005,1.130818,-0.000776,5.040298,0.032441,6.863327,0.015706,13.667822,0.001925,11.813708
2025-06-12,620.0,633.7,597.0,602.3,2988102.0,97.838094,103.852596,95.044974,100.887772,17.7,-1.576926,36.7,0.519885,1.510555,-1.388107,0.056986,1.61704,-1.388107,-0.09239,1.687659,-0.879642,0.228257,-1.062831,-0.879642,0.179322,2.697753,-0.651004,0.738662,1.222732,-0.651004,-0.084728,3.740021,-0.398981,0.738839,2.431973,-0.398981,-0.055311,3.447493,-0.441369,0.857682,2.51574,-0.441369,0.02266,0.024535,0.024688,0.020792,0.02174,0.022002,0.025096,0.026026,0.030701,0.034592,0.035428,0.039147,0.032213,0.032684,0.035603,-0.682345,0.894231,0.079509,2.495586,0.026299,6.988284,0.016118,13.631414,0.001466,11.818623
2025-06-13,588.0,608.45,582.3,600.35,984375.0,96.639001,100.978877,98.668748,103.099777,12.35,-0.323759,26.15,0.298444,1.543064,-0.403226,0.706982,1.539461,-0.403226,-0.026897,1.649689,-0.17995,0.159502,-0.926129,-0.17995,0.161606,2.698097,-0.179892,0.7587,1.24183,-0.179892,-0.086541,3.740093,-0.063426,0.740277,2.43304,-0.063426,-0.039565,3.438987,-0.082639,0.855167,2.549811,-0.082639,0.024341,0.026177,0.028282,0.020912,0.021965,0.022748,0.025011,0.025848,0.030715,0.03464,0.035474,0.039249,0.032201,0.032702,0.035652,-0.772005,0.712853,0.051869,2.495946,0.026052,6.992789,0.015941,13.636677,0.00091,11.764734
2025-06-16,596.0,606.6,591.65,600.9,672507.0,98.252555,100.735232,99.060336,101.563424,4.9,0.091613,14.95,-0.213862,0.823112,0.371123,-1.489308,2.42559,0.371123,0.01693,1.640107,0.045536,0.079014,-0.884129,0.045536,0.259783,2.600787,-0.064661,0.878209,1.480342,-0.064661,-0.059446,3.731374,0.040484,0.726469,2.460293,0.040484,-0.032631,3.43784,0.03614,0.850158,2.550164,0.03614,0.022834,0.024841,0.02705,0.020728,0.021801,0.022579,0.024681,0.025695,0.030583,0.034622,0.035485,0.03926,0.032194,0.032711,0.035647,-0.106961,0.519129,0.041593,2.49793,0.013695,6.589758,0.014512,13.608427,0.000741,11.757822
2025-06-17,599.9,617.45,594.35,605.2,913065.0,97.157665,100.933793,98.016034,101.825524,5.3,0.715593,23.1,-0.108607,0.915969,0.899813,-1.258644,1.415215,0.899813,0.180125,1.530121,0.349952,0.021492,-0.707119,0.349952,0.25359,2.599296,0.177742,0.886739,1.500059,0.177742,-0.104957,3.693317,0.222172,0.756066,2.684191,0.222172,-0.049743,3.425471,0.223425,0.865431,2.637547,0.223425,0.024164,0.026421,0.028479,0.020758,0.022296,0.022938,0.024697,0.025707,0.030542,0.03445,0.035392,0.03918,0.032142,0.032672,0.035611,0.199884,0.591292,0.01107,2.220131,0.016642,6.563537,0.018201,13.228154,0.001481,11.667873
2025-06-18,605.2,628.0,601.3,615.0,2407957.0,96.369427,100.648595,97.929936,102.278397,9.8,1.619299,26.7,0.105164,1.191513,1.270767,-0.280675,0.331681,1.270767,0.3474,1.493171,0.851811,-0.177884,-0.550905,0.851811,0.310148,2.597596,0.503986,0.82731,1.430399,0.503986,-0.040472,3.666195,0.452723,0.742247,2.771645,0.452723,-0.029879,3.423563,0.481714,0.851431,2.629088,0.481714,0.026113,0.028566,0.030507,0.020771,0.022253,0.022876,0.024913,0.02597,0.030593,0.034305,0.035321,0.039123,0.032144,0.032686,0.035623,0.74318,0.031129,0.00153,2.118004,0.016274,6.5574,0.016362,13.083502,0.001383,11.655808
2025-06-19,614.1,619.05,603.4,609.15,996764.0,99.200388,101.773285,98.400775,100.952933,4.95,-0.95122,15.65,0.230305,0.985778,-1.198571,0.422744,-0.294528,-1.198571,0.322882,1.51106,-0.843184,-0.145721,-0.670278,-0.843184,0.354627,2.555396,-0.511015,0.865959,1.597508,-0.511015,-0.038578,3.66567,-0.24897,0.741105,2.773363,-0.24897,-0.026134,3.422137,-0.270324,0.849671,2.634489,-0.270324,0.021736,0.024196,0.026004,0.020498,0.021892,0.022486,0.024616,0.025722,0.030385,0.034254,0.035259,0.039059,0.032134,0.032678,0.035617,0.027277,0.775919,-0.029784,2.139641,0.004771,6.394706,0.015154,13.111408,0.000994,11.649174
2025-06-20,609.0,613.15,593.55,602.2,1718983.0,99.323167,102.602982,98.21414,101.457333,6.8,-1.140934,19.6,0.06687,1.153992,-1.046632,0.32461,-1.523943,-1.046632,0.184591,1.512193,-0.876559,0.069965,-0.692495,-0.876559,0.428259,2.454213,-0.639388,1.078503,1.837538,-0.639388,-0.025359,3.659217,-0.304867,0.736689,2.801707,-0.304867,-0.032047,3.423041,-0.323948,0.854058,2.634553,-0.323948,0.020233,0.022839,0.022526,0.020453,0.021886,0.0225,0.024305,0.025404,0.028121,0.034236,0.035264,0.039062,0.032147,0.032694,0.035627,-0.413191,0.723904,-0.030138,2.14219,-0.011427,5.875507,0.01303,13.114499,0.000837,11.656283
2025-06-23,595.95,600.95,588.0,597.95,495068.0,99.167984,101.352041,99.50079,101.692177,2.0,-0.705746,12.95,-0.092601,1.20374,-0.509366,0.843071,-1.505974,-0.509366,0.070649,1.487719,-0.521869,0.269218,-0.492526,-0.521869,0.434412,2.450909,-0.465198,1.077247,1.851237,-0.465198,-0.017782,3.656993,-0.188123,0.732252,2.80947,-0.188123,-0.044359,3.421003,-0.193331,0.865726,2.660357,-0.193331,0.019967,0.022608,0.022693,0.020278,0.021702,0.022455,0.023952,0.025071,0.027717,0.034101,0.035102,0.038926,0.032129,0.032669,0.035602,-0.560291,0.531339,-0.020933,2.088073,-0.017626,5.822118,0.011754,13.124736,0.001007,11.641366
2025-06-24,607.9,619.9,600.5,606.8,877790.0,98.064204,101.232306,97.886756,101.049126,1.1,1.480057,19.4,0.060291,1.369229,1.036909,0.557278,-3.218891,1.036909,0.016012,1.408973,1.039086,0.177275,-0.376723,1.039086,0.509263,2.423864,0.400515,1.048165,1.89864,0.400515,0.028415,3.646321,0.398111,0.707097,2.835079,0.398111,-0.057053,3.410544,0.450693,0.876864,2.733677,0.450693,0.019151,0.021739,0.023061,0.01966,0.021156,0.022242,0.02388,0.025066,0.027813,0.034028,0.035046,0.03889,0.032102,0.032666,0.035615,-0.003301,1.499808,0.038709,1.836124,-0.02177,5.658917,0.010752,13.06637,0.001847,11.562287
2025-06-25,609.95,615.0,605.0,611.95,572553.0,99.178862,100.818182,99.504065,101.14876,2.0,0.848715,10.0,-0.093826,1.180201,0.798627,0.691584,-2.324983,0.798627,0.173135,1.309553,0.515886,0.154737,-0.199209,0.515886,0.448935,2.375695,0.168279,1.132739,2.352945,0.168279,0.094343,3.600206,0.209536,0.72116,3.016658,0.209536,-0.055007,3.410966,0.264946,0.8748,2.728696,0.264946,0.015811,0.01816,0.019825,0.019307,0.020972,0.022098,0.023679,0.024799,0.027091,0.033686,0.034778,0.038654,0.032076,0.032631,0.035585,0.622086,0.340317,0.014135,1.622539,-0.012753,5.497178,0.007741,12.781942,0.002057,11.562419
2025-06-26,612.95,618.8,606.35,608.3,707242.0,99.054622,101.08848,98.303167,100.321596,4.65,-0.596454,12.45,-0.022872,1.125148,-0.509783,0.629549,-2.097596,-0.509783,0.115445,1.317129,-0.540493,0.285062,-0.221607,-0.540493,0.390415,2.364435,-0.41738,1.213825,2.577229,-0.41738,0.039322,3.567833,-0.178197,0.762832,3.253455,-0.178197,-0.052536,3.410391,-0.159489,0.873169,2.729966,-0.159489,0.015247,0.017496,0.019379,0.019181,0.020785,0.021716,0.023499,0.024568,0.026855,0.033249,0.034269,0.038184,0.032046,0.032594,0.035549,0.264342,0.873013,0.009207,1.645268,-0.010607,5.455313,0.010246,12.514652,0.00182,11.561578
2025-06-27,610.05,639.0,604.5,606.7,5034127.0,95.469484,100.918114,94.945227,100.363937,3.35,-0.263028,34.5,0.152709,0.964015,-0.431255,0.721263,-1.88241,-0.431255,0.221121,1.184807,-0.408631,0.635722,-0.231036,-0.408631,0.363079,2.363921,-0.264859,1.249724,2.644019,-0.264859,0.016364,3.562258,-0.078431,0.784335,3.313014,-0.078431,-0.046357,3.408877,-0.063561,0.869227,2.733618,-0.063561,0.019457,0.022716,0.026779,0.019971,0.022133,0.0236,0.023896,0.025089,0.027525,0.03319,0.034204,0.037988,0.032112,0.032695,0.035679,-0.119108,0.715087,-0.035547,1.291565,-0.010398,5.453845,0.011275,12.456856,0.00157,11.554121
2025-06-30,611.95,614.3,605.5,612.45,632801.0,99.617451,101.065235,99.698844,101.147812,0.5,0.94775,8.8,0.483408,0.875448,0.530405,-0.333027,-2.209097,0.530405,0.317541,1.160068,0.543252,0.478929,-0.265416,0.543252,0.393926,2.36123,0.234549,1.214914,2.600081,0.234549,-0.029911,3.519112,0.277815,0.813361,3.609684,0.277815,-0.042154,3.409585,0.29033,0.865075,2.724494,0.29033,0.018956,0.02214,0.026196,0.019928,0.022134,0.023694,0.023793,0.024959,0.0274,0.032937,0.034013,0.037836,0.032085,0.032664,0.035648,-0.217636,0.518398,-0.044142,1.213682,-0.011367,5.436992,0.015197,12.06786,0.001742,11.557032
2025-07-01,614.8,616.05,603.25,606.0,674863.0,99.797094,101.914629,98.368639,100.455864,8.8,-1.053147,12.8,-0.023233,0.887399,-1.160599,0.169213,-2.550775,-1.160599,0.138048,1.073095,-1.110056,0.529028,0.008839,-1.110056,0.362272,2.369968,-0.597232,1.238424,2.588915,-0.597232,-0.024854,3.517255,-0.292357,0.810841,3.618672,-0.292357,-0.047822,3.410323,-0.294789,0.869418,2.725425,-0.294789,0.017839,0.02043,0.023763,0.01966,0.02193,0.02351,0.023785,0.02492,0.027342,0.032448,0.033357,0.037268,0.03207,0.032639,0.035625,-0.225952,0.527873,-0.028683,1.066601,-0.01444,5.460988,0.013663,12.091828,0.001609,11.563515
2025-07-02,609.0,626.4,602.45,619.25,2237137.0,97.222222,101.087227,98.858557,102.788613,10.25,2.186469,23.95,0.244318,1.31477,1.477179,0.873517,-0.523621,1.477179,0.238899,1.166884,1.669034,0.438953,-0.56459,1.669034,0.417317,2.379914,0.743368,1.161505,2.380063,0.743368,0.036259,3.501866,0.614018,0.784982,3.663627,0.614018,-0.041238,3.413372,0.652641,0.86257,2.698938,0.652641,0.02021,0.022843,0.025618,0.020147,0.02242,0.02388,0.023954,0.025114,0.0275,0.032116,0.032998,0.036928,0.032096,0.032666,0.035646,0.477573,0.926745,0.001075,1.2935,-0.01242,5.518585,0.012613,12.007882,0.002081,11.578418
2025-07-03,622.85,640.0,616.5,637.05,1706467.0,97.320312,101.030008,99.539062,103.333333,14.2,2.874445,23.5,0.938498,1.636744,1.182804,-0.041375,-2.02739,1.182804,0.416454,1.284485,1.913601,0.391569,-0.676866,1.913601,0.429485,2.391088,1.02253,1.142637,2.268683,1.02253,0.160351,3.376921,0.803719,1.003617,3.87113,0.803719,-0.02995,3.419287,0.849415,0.851208,2.650485,0.849415,0.0219,0.0242,0.026829,0.020603,0.022799,0.024241,0.023918,0.025009,0.027343,0.03139,0.03271,0.036627,0.032098,0.032654,0.03563,0.751366,1.014041,0.02427,1.547821,-0.002112,5.602029,0.008498,11.229382,0.002616,11.610265
2025-07-04,642.0,649.9,628.55,645.65,2188053.0,98.784428,102.139846,99.346053,102.720547,3.65,1.349973,21.35,1.261098,1.493403,0.059512,-0.929839,1.097711,0.059512,0.44478,1.299167,0.696748,0.326131,-0.824332,0.696748,0.460705,2.392745,0.371652,1.101107,2.190447,0.371652,0.166615,3.378557,0.350255,0.996886,3.850088,0.350255,-0.027024,3.420221,0.402605,0.848188,2.641423,0.402605,0.018382,0.019724,0.020374,0.020726,0.022978,0.024535,0.023856,0.024927,0.027328,0.03139,0.032707,0.036603,0.032085,0.032635,0.035597,0.473204,1.33636,0.043401,1.540812,-0.001514,5.610246,0.009546,11.224564,0.002941,11.610586
2025-07-07,648.0,659.5,632.1,637.15,1709765.0,98.256255,102.515425,96.611069,100.798924,10.85,-1.316503,27.4,0.808247,1.900098,-1.118232,-0.269908,-2.792195,-1.118232,0.246298,1.246177,-1.254076,0.414616,-0.639982,-1.254076,0.485898,2.366605,-0.761598,1.140646,2.323567,-0.761598,0.168856,3.377487,-0.439782,0.996261,3.85583,-0.439782,-0.048818,3.414448,-0.371271,0.86788,2.699065,-0.371271,0.021278,0.022941,0.022977,0.02081,0.023156,0.024637,0.023617,0.024727,0.027097,0.031411,0.032767,0.036628,0.032096,0.032653,0.035598,-0.136321,2.85113,0.053108,1.381527,-0.013133,5.452885,0.007631,11.244829,0.003212,11.565782
2025-07-08,637.2,657.15,635.5,640.05,1096462.0,96.964163,100.267506,97.397854,100.715972,2.85,0.455152,21.65,1.109907,1.631439,-0.401336,-0.74947,0.096855,-0.401336,0.25959,1.246954,0.156832,0.378589,-0.668028,0.156832,0.422382,2.322683,0.014109,1.239287,2.817294,0.014109,0.150201,3.370627,0.090473,1.016624,3.934034,0.090473,-0.014066,3.383739,0.138668,0.895715,2.804051,0.138668,0.022403,0.024677,0.025415,0.02104,0.023436,0.025092,0.023397,0.024671,0.027109,0.031354,0.032706,0.036572,0.031954,0.032605,0.035558,-0.765358,0.95773,0.055192,1.375865,-0.005503,5.280651,0.009105,11.17844,0.002315,11.374579
2025-07-09,641.0,653.0,639.05,643.25,844381.0,98.162328,100.30514,98.506891,100.657226,2.25,0.499961,13.95,0.772605,1.524022,-0.178898,0.036245,0.965082,-0.178898,0.257065,1.246386,0.19488,0.385534,-0.659073,0.19488,0.439236,2.320073,0.026174,1.221534,2.805231,0.026174,0.179513,3.360681,0.095352,1.003659,3.976907,0.095352,-0.015844,3.383373,0.152453,0.89753,2.808485,0.152453,0.020638,0.022895,0.024051,0.021013,0.023408,0.025116,0.023249,0.0245,0.026944,0.031276,0.032637,0.036516,0.03195,0.0326,0.035555,-0.564379,1.221066,0.063219,1.342916,-0.007195,5.264306,0.007748,11.131216,0.002523,11.368764
2025-07-10,647.3,651.45,642.4,647.35,575408.0,99.36296,100.762765,99.370635,100.770548,0.05,0.637388,9.05,0.325194,0.986184,0.316568,-1.438162,3.071153,0.316568,0.367781,1.170965,0.230243,0.375456,-0.525271,0.230243,0.464213,2.315249,0.074798,1.197473,2.797548,0.074798,0.205258,3.354158,0.128834,0.988646,3.998392,0.128834,-0.011546,3.383656,0.191785,0.893494,2.801895,0.191785,0.018414,0.021049,0.02244,0.019517,0.02191,0.023674,0.023015,0.0242,0.026725,0.031161,0.032516,0.036409,0.031914,0.032551,0.035516,0.03913,0.774985,0.039694,1.250212,-0.009301,5.235151,0.006737,11.100049,0.002589,11.369535
2025-07-11,648.0,654.0,637.25,643.8,1429829.0,99.082569,101.686936,98.440367,101.027854,4.2,-0.54839,16.75,-0.054478,0.84889,-0.581832,-1.019349,-0.809091,-0.581832,0.35655,1.178997,-0.76755,0.383951,-0.57145,-0.76755,0.494772,2.290988,-0.455332,1.221387,2.949422,-0.455332,0.165744,3.339347,-0.213854,1.028914,4.165856,-0.213854,-0.008316,3.382829,-0.159651,0.891452,2.804059,-0.159651,0.017526,0.019951,0.020819,0.018927,0.021358,0.022583,0.023002,0.024202,0.026681,0.030964,0.032333,0.036258,0.031896,0.032531,0.035497,0.171846,0.51743,0.015687,1.31235,-0.017906,5.076887,0.008228,10.983323,0.002331,11.368209
2025-07-14,642.0,652.4,639.0,649.0,541862.0,98.405886,100.469484,99.478847,101.564945,7.0,0.807704,13.4,0.370363,0.531663,0.822591,-1.857752,3.804135,0.822591,0.392354,1.181399,0.351575,0.284474,-0.644321,0.351575,0.443781,2.254053,0.161453,1.309643,3.427149,0.161453,0.190319,3.334891,0.185129,1.012222,4.172395,0.185129,-0.007795,3.382948,0.241062,0.890916,2.802687,0.241062,0.014434,0.016552,0.01773,0.018836,0.021223,0.022423,0.022575,0.023787,0.02631,0.030921,0.032292,0.036222,0.031895,0.032526,0.03549,-0.034325,0.223776,0.017949,1.315206,-0.010159,4.957648,0.007509,10.963303,0.00256,11.365271
2025-07-15,650.0,666.2,650.0,660.8,1026049.0,97.568298,100.0,99.189433,101.661538,10.8,1.818182,16.2,0.642969,0.843813,1.392741,-0.045963,1.673041,1.392741,0.447484,1.222295,1.121414,0.19816,-0.94025,1.121414,0.563344,2.161524,0.580534,1.522952,3.778265,0.580534,0.168946,3.317319,0.497159,1.034263,4.337865,0.497159,0.006213,3.384688,0.535343,0.87792,2.776139,0.535343,0.01308,0.014245,0.01448,0.018425,0.020627,0.021923,0.022096,0.023512,0.026053,0.030524,0.03184,0.03587,0.031893,0.032523,0.035486,0.280676,0.412058,0.043422,1.356613,-0.0182,4.509761,0.010758,10.79813,0.002685,11.374794
2025-07-16,660.0,670.0,650.0,651.9,852401.0,98.507463,101.538462,97.298507,100.292308,8.1,-1.346852,20.0,0.273606,1.235402,-1.311685,-0.204441,-0.947405,-1.311685,0.299176,1.252212,-1.314497,0.361041,-0.835215,-1.314497,0.487056,2.160258,-0.84893,1.606778,4.032625,-0.84893,0.226482,3.238935,-0.485757,1.172267,4.723202,-0.485757,0.010985,3.38209,-0.401479,0.876956,2.787995,-0.401479,0.014273,0.015404,0.015512,0.017945,0.020081,0.021449,0.021884,0.023334,0.025901,0.030242,0.03155,0.035485,0.031876,0.032518,0.035483,-0.160191,1.169653,0.036291,1.445843,-0.018031,4.505672,0.005451,10.361029,0.002135,11.366139
2025-07-17,651.0,659.9,648.05,651.15,343321.0,98.651311,100.455212,98.674042,100.478358,0.15,-0.115048,11.85,0.123119,1.225802,-0.194295,0.384233,-0.608427,-0.194295,0.340985,1.221858,-0.373229,0.334913,-0.700881,-0.373229,0.449552,2.153973,-0.26212,1.670447,4.238834,-0.26212,0.189401,3.221181,-0.094515,1.215219,4.941563,-0.094515,0.011636,3.382053,-0.037458,0.876403,2.787561,-0.037458,0.014604,0.015829,0.015858,0.01778,0.019908,0.021344,0.021734,0.023171,0.025727,0.029842,0.03111,0.035144,0.031849,0.032484,0.035446,-0.128787,1.168899,0.01063,1.414533,-0.01633,4.491273,0.007289,10.227981,0.002078,11.366696
2025-07-18,651.95,675.2,650.45,667.75,2377757.0,96.556576,100.23061,98.896623,102.659697,15.8,2.549336,24.75,0.742664,1.543274,1.170674,-0.296157,-1.037422,1.170674,0.525498,1.264196,1.60089,0.218148,-0.859586,1.60089,0.540265,2.144783,0.936725,1.610851,4.041993,0.936725,0.221867,3.228507,0.720912,1.18042,4.821803,0.720912,0.033483,3.384273,0.743395,0.858062,2.750599,0.743395,0.016289,0.016783,0.016963,0.017951,0.019904,0.021373,0.021818,0.023184,0.025604,0.029762,0.030969,0.03502,0.031847,0.032479,0.035443,0.155003,1.857304,0.018779,1.506555,-0.017355,4.445369,0.008153,10.263635,0.002181,11.380185
2025-07-21,671.1,671.95,660.05,665.65,431304.0,99.873502,101.674116,99.06243,100.848421,5.45,-0.314489,11.9,0.518226,1.611541,-0.516719,0.324237,-1.955215,-0.516719,0.545061,1.247051,-0.689266,0.213386,-0.781502,-0.689266,0.363898,1.813563,-0.374063,1.167164,2.812738,-0.374063,0.191704,3.219181,-0.157243,1.214633,4.95699,-0.157243,0.041681,3.381419,-0.105332,0.853915,2.76109,-0.105332,0.01604,0.016567,0.017005,0.017873,0.01978,0.021167,0.021284,0.022535,0.023362,0.029551,0.030722,0.034812,0.031833,0.032463,0.035428,-0.036915,2.074926,-0.012661,1.472049,0.000137,3.223227,0.009338,10.186843,0.001829,11.365671
2025-07-22,667.0,672.8,655.2,660.4,479788.0,99.137931,101.800977,98.156956,100.793651,6.6,-0.788703,17.6,-0.003151,1.503934,-0.522331,1.676591,3.263606,-0.522331,0.431623,1.260637,-0.968023,0.414245,-0.712414,-0.968023,0.379938,1.799414,-0.649456,1.188716,2.929101,-0.649456,0.165818,3.216525,-0.296755,1.240701,5.024208,-0.296755,0.017479,3.369876,-0.239232,0.875855,2.856048,-0.239232,0.016256,0.017247,0.017416,0.017716,0.019537,0.020612,0.021249,0.022516,0.023344,0.029322,0.03045,0.034541,0.031797,0.032447,0.03541,0.091686,1.792641,-0.016952,1.500191,-0.007362,3.161846,0.00973,10.163688,0.00231,11.281502
2025-07-23,661.0,661.9,625.5,629.0,1299141.0,99.864028,105.67546,95.029461,100.559552,32.0,-4.754694,36.4,-0.68472,2.621842,-1.552334,-0.771205,2.15569,-1.552334,0.151453,1.706781,-2.874502,-0.922364,2.489573,-2.874502,0.199665,1.853563,-2.672883,0.745719,3.410905,-2.672883,0.160094,3.22484,-1.524041,1.225213,4.972551,-1.524041,0.012228,3.376517,-1.411787,0.867878,2.828269,-1.411787,0.020707,0.018631,0.018563,0.01915,0.020189,0.021238,0.020751,0.021628,0.022447,0.029436,0.030471,0.034496,0.031858,0.032457,0.035292,-1.261733,2.315303,-0.084457,2.530277,-0.009944,3.346391,0.004172,10.281098,0.001036,11.34028
2025-07-24,629.0,635.3,622.1,624.35,418772.0,99.008343,101.109146,98.276405,100.361678,4.65,-0.739269,13.2,-0.809564,2.602726,0.027008,-0.552631,2.067322,0.027008,0.144312,1.71037,-0.516602,-0.906023,2.422972,-0.516602,0.041512,1.561118,-0.500142,-0.329671,0.560354,-0.500142,0.176743,3.215753,-0.284851,1.224781,5.033256,-0.284851,0.019388,3.37338,-0.224895,0.86519,2.841727,-0.224895,0.020902,0.018818,0.018636,0.019163,0.020208,0.021251,0.019756,0.021013,0.021847,0.029385,0.030415,0.034434,0.031833,0.032444,0.035278,-1.101741,2.991679,-0.10899,2.384124,0.004913,2.38332,0.002083,10.234039,0.000595,11.321615
2025-07-25,623.0,623.55,607.0,616.0,580670.0,99.911795,102.635914,98.789191,101.482702,7.0,-1.337391,16.55,-1.586909,1.807747,0.138027,-2.016816,4.201629,0.138027,0.090594,1.740444,-0.820472,-0.792281,1.930493,-0.820472,0.047437,1.555182,-0.89046,-0.333617,0.60661,-0.89046,0.210728,3.181081,-0.486665,1.269413,5.275673,-0.486665,0.022159,3.372029,-0.403185,0.864333,2.847863,-0.403185,0.01971,0.017929,0.018097,0.01802,0.018642,0.019081,0.019586,0.020875,0.021728,0.029171,0.030302,0.034339,0.031754,0.032345,0.035201,-0.199637,2.534651,-0.136589,2.257355,-0.002434,2.368985,-0.001793,10.015402,0.000104,11.313694
2025-07-28,614.9,619.5,607.05,613.0,561772.0,99.257466,101.293139,98.950767,100.98015,1.9,-0.487013,12.45,-1.621414,1.778803,0.637733,-2.073877,4.376795,0.637733,0.018856,1.732806,-0.291936,-0.673965,1.872144,-0.291936,0.053395,1.552496,-0.34809,-0.344936,0.637033,-0.34809,0.278377,3.091446,-0.247583,1.460935,5.788703,-0.247583,-0.03535,3.280445,-0.137683,0.800874,2.936462,-0.137683,0.01988,0.018306,0.01819,0.018122,0.018774,0.01907,0.019469,0.020766,0.0216,0.02874,0.030083,0.034131,0.031367,0.032152,0.035011,0.402068,2.207996,-0.131307,2.279209,-0.00573,2.355202,-0.006731,9.423716,0.001686,10.698041
2025-07-29,607.7,611.3,597.4,606.2,481960.0,99.411091,101.724138,99.165712,101.47305,1.5,-1.109299,13.9,-1.685533,1.746773,0.329885,-2.041068,4.31506,0.329885,0.016048,1.734679,-0.648735,-0.668674,1.845831,-0.648735,0.082175,1.516195,-0.785831,-0.331813,0.850073,-0.785831,0.283128,3.088918,-0.450781,1.461142,5.807451,-0.450781,-0.055428,3.274634,-0.321829,0.819866,2.996007,-0.321829,0.019562,0.018026,0.018505,0.018165,0.018936,0.019314,0.019309,0.020767,0.0216,0.028462,0.029734,0.033846,0.031281,0.03207,0.034945,0.754305,1.303022,-0.16435,1.960548,-0.014837,2.207028,-0.008684,9.383163,0.001969,10.656692
2025-07-30,608.6,615.6,605.05,609.7,253448.0,98.862898,100.586728,99.041585,100.768532,1.1,0.577367,10.55,-0.619121,0.744926,1.606184,1.234873,1.636285,1.606184,-0.064407,1.664616,0.385539,-0.722853,2.411579,0.385539,0.128246,1.494974,0.300421,-0.404081,1.083061,0.300421,0.271026,3.085333,0.09929,1.477063,5.87232,0.09929,-0.047292,3.274172,0.190784,0.812862,2.991097,0.190784,0.01317,0.014996,0.015727,0.017549,0.018258,0.018725,0.019016,0.02041,0.021259,0.028212,0.029466,0.0336,0.031275,0.032063,0.034924,0.286136,0.280183,-0.122061,2.137013,-0.018101,2.12202,-0.007598,9.37599,0.001913,10.654401
2025-07-31,601.9,604.3,593.1,599.3,315045.0,99.602846,101.48373,99.172596,101.045355,2.6,-1.705757,11.2,-0.812418,0.894313,-0.998911,1.06898,0.720349,-0.998911,-0.293417,1.550149,-0.911099,-0.866792,2.718121,-0.911099,0.103348,1.515215,-1.19396,-0.373196,0.879659,-1.19396,0.225417,3.080455,-0.626912,1.52061,6.018123,-0.626912,-0.090237,3.23895,-0.498779,0.82944,3.193587,-0.498779,0.012919,0.014785,0.01658,0.017001,0.017793,0.018493,0.018838,0.020187,0.021122,0.028058,0.029313,0.033501,0.031075,0.03193,0.034817,0.032765,0.637689,-0.099106,1.956233,-0.023859,2.131417,-0.007206,9.351045,0.002711,10.413852
2025-08-01,598.95,606.0,584.35,587.85,442063.0,98.836634,102.498503,97.00495,100.598956,11.1,-1.910562,21.65,-0.927053,1.007943,-0.975759,0.838422,-0.171251,-0.975759,-0.456444,1.539637,-0.944455,-0.669205,2.442278,-0.944455,0.03264,1.525222,-1.274046,-0.290962,0.747977,-1.274046,0.136416,3.010836,-0.679871,1.598516,6.811073,-0.679871,-0.101298,3.241381,-0.558177,0.837007,3.186985,-0.558177,0.014497,0.016168,0.017281,0.017111,0.017766,0.018302,0.01887,0.020208,0.021147,0.027869,0.029152,0.033252,0.031035,0.031866,0.034726,-0.344356,0.575598,-0.09626,1.943866,-0.024871,2.150959,-0.004375,8.958532,0.002498,10.433221
2025-08-04,588.9,596.9,583.85,590.35,599803.0,98.659742,100.864948,98.902664,101.1133,1.45,0.425279,13.05,-0.744594,1.176064,0.994736,0.355986,-3.003723,0.994736,-0.369355,1.537688,0.516772,-0.839495,2.681903,0.516772,0.009683,1.510126,0.275206,-0.274459,0.863381,0.275206,-0.004454,2.637873,0.162909,0.872232,4.424921,0.162909,-0.109319,3.238065,0.165098,0.845664,3.220103,0.165098,0.014686,0.016411,0.017482,0.016405,0.016977,0.017562,0.018797,0.020133,0.021068,0.025815,0.027599,0.03189,0.031012,0.031844,0.034708,0.058122,1.099745,-0.097243,1.931838,-0.020175,2.15011,0.004509,6.871851,0.002898,10.40465
2025-08-05,540.0,560.0,529.0,532.85,5292004.0,96.428571,102.079395,95.151786,100.727788,7.15,-9.739985,31.0,-2.470732,4.225482,-1.720337,-1.827446,3.564745,-1.720337,-0.879112,2.583928,-3.429225,-2.301373,7.168941,-3.429225,-0.236572,2.006103,-4.737251,-2.216138,9.634144,-4.737251,-0.024185,2.703094,-3.594325,0.595502,4.818931,-3.594325,-0.148564,3.306606,-2.900684,0.705509,3.122051,-2.900684,0.020284,0.022967,0.046646,0.017532,0.01839,0.027482,0.018962,0.020419,0.024864,0.025616,0.027587,0.03307,0.031063,0.031918,0.035358,-1.850367,7.436045,-0.218091,4.761359,-0.036838,3.661357,-0.005979,7.203865,0.001192,10.874242
2025-08-06,535.0,542.0,515.4,529.35,1949083.0,98.708487,103.802872,97.666052,102.706636,5.65,-0.656845,26.6,-2.717574,4.034644,0.510758,-1.934639,4.024116,0.510758,-0.936952,2.564307,0.109233,-2.288466,7.23519,0.109233,-0.203835,1.985093,-0.228206,-2.315335,10.323189,-0.228206,0.032161,2.628841,-0.262095,0.721295,5.337477,-0.262095,-0.135359,3.299231,-0.158063,0.702518,3.161513,-0.158063,0.023929,0.027247,0.048794,0.018564,0.019695,0.028283,0.019246,0.020873,0.025214,0.025422,0.027477,0.032927,0.031083,0.031978,0.035407,-0.57316,12.365659,-0.193141,5.006545,-0.042865,3.479146,-0.010153,6.755802,0.000641,10.829133
2025-08-07,529.35,530.0,512.0,519.6,1134372.0,99.877358,103.388672,98.037736,101.484375,9.75,-1.841882,18.0,-2.744799,4.026561,0.22424,-1.914832,3.962039,0.22424,-1.060916,2.544041,-0.306979,-2.197525,7.024538,-0.306979,-0.251819,1.995289,-0.796908,-2.217795,9.823589,-0.796908,0.033732,2.627661,-0.713796,0.721458,5.349775,-0.713796,-0.152172,3.299317,-0.512139,0.716561,3.175649,-0.512139,0.025168,0.028311,0.049127,0.019043,0.020154,0.028606,0.019342,0.020932,0.025205,0.025243,0.027289,0.03277,0.031016,0.031883,0.03534,-0.094476,12.952704,-0.181211,5.056696,-0.044855,3.482565,-0.012497,6.705415,0.000636,10.829719
2025-08-08,520.7,534.35,517.5,528.05,857686.0,97.445495,100.618357,98.820997,102.038647,7.35,1.626251,16.85,-2.037436,4.493359,0.815356,-1.792263,3.469921,0.815356,-0.952183,2.612646,0.986906,-2.104541,6.457156,0.986906,-0.171763,1.98859,0.904165,-2.322323,10.382969,0.904165,0.060386,2.630185,0.595344,0.691347,5.288721,0.595344,-0.131898,3.297717,0.533141,0.701441,3.169167,0.533141,0.024739,0.027994,0.048969,0.01921,0.020299,0.028714,0.019278,0.020964,0.025204,0.025233,0.027287,0.032758,0.03101,0.031886,0.035339,1.030005,14.030399,-0.13473,5.881062,-0.045639,3.441626,-0.012202,6.724643,0.000558,10.819521
2025-08-11,529.0,531.05,515.8,520.95,551653.0,99.613972,102.559131,98.098108,100.998449,8.05,-1.34457,15.25,-2.391406,4.317109,0.242486,-1.685375,3.4691,0.242486,-1.059797,2.580469,-0.110357,-2.063914,6.50994,-0.110357,-0.179041,1.992273,-0.585024,-2.300962,10.24841,-0.585024,0.05715,2.631728,-0.532623,0.693043,5.27319,-0.532623,-0.117879,3.286496,-0.373252,0.704733,3.230635,-0.373252,0.025259,0.02832,0.04917,0.019405,0.0205,0.028851,0.01938,0.021073,0.02529,0.025215,0.027256,0.032725,0.030922,0.031808,0.035274,1.907393,7.633651,-0.112548,5.904701,-0.05038,3.361206,-0.013692,6.700533,-0.000228,10.74688
2025-08-12,521.8,523.6,513.35,515.7,2025447.0,99.656226,101.64605,98.491215,100.457777,6.1,-1.007774,10.25,-0.644964,1.342782,-0.270193,1.654018,3.118974,-0.270193,-1.201095,2.490384,0.077627,-2.197005,7.273498,0.077627,-0.249931,1.956406,-0.387365,-2.375042,10.794182,-0.387365,0.047072,2.633878,-0.400492,0.70238,5.257296,-0.400492,-0.130585,3.284992,-0.267029,0.716678,3.253059,-0.267029,0.020791,0.0228,0.022489,0.019305,0.020431,0.02878,0.019261,0.020989,0.025214,0.025243,0.027282,0.032746,0.030845,0.031714,0.035197,-0.020455,1.441613,-0.066363,5.745477,-0.045679,3.316448,-0.014359,6.696144,-0.000112,10.737174
2025-08-13,519.7,524.0,515.2,517.0,276014.0,99.179389,100.873447,98.664122,100.349379,2.7,0.252085,8.8,-0.463178,1.401033,0.510525,0.912228,-0.335167,0.510525,-1.121148,2.511037,0.546879,-2.238056,7.273958,0.546879,-0.248278,1.956803,0.255704,-2.376089,10.79161,0.255704,-0.064749,2.369672,0.133704,-0.034656,3.908239,0.133704,-0.103346,3.265309,0.108851,0.723391,3.351272,0.108851,0.016441,0.017375,0.017542,0.019007,0.020101,0.028579,0.019231,0.020948,0.02519,0.025155,0.027167,0.030713,0.030759,0.031661,0.03515,0.155391,1.522022,-0.047905,5.91374,-0.043471,3.358965,-0.007336,5.514353,-0.000818,10.606697
2025-08-14,516.05,518.95,510.0,511.3,493098.0,99.441179,101.186275,98.52587,100.254902,4.75,-1.102515,8.95,-0.315305,1.250017,-0.629759,1.192773,0.217193,-0.629759,-1.170521,2.499897,0.027204,-2.206079,7.247601,0.027204,-0.256796,1.95963,-0.431571,-2.353775,10.667324,-0.431571,-0.077713,2.371788,-0.43208,-0.018707,3.883064,-0.43208,-0.097601,3.262519,-0.308018,0.721215,3.367047,-0.308018,0.014353,0.01526,0.015211,0.018995,0.020044,0.028523,0.019219,0.020928,0.025174,0.024987,0.02695,0.030534,0.030588,0.031452,0.034951,-0.386088,0.951906,-0.031753,5.903488,-0.04653,3.312483,-0.007795,5.518489,-0.001291,10.585254
2025-08-18,514.05,526.75,507.0,525.95,911801.0,97.588989,101.390533,99.848125,103.737673,11.9,2.865245,19.75,-0.067506,1.752813,1.673169,1.642952,2.405534,1.673169,-1.154726,2.525505,1.59175,-2.108732,7.012624,1.59175,-0.21516,2.003801,1.537281,-2.189035,9.813792,1.537281,-0.044222,2.389574,1.217567,-0.041895,3.703548,1.217567,-0.067447,3.261891,0.899077,0.701645,3.34446,0.899077,0.015405,0.015842,0.016244,0.019026,0.020109,0.028612,0.019336,0.020998,0.025267,0.025054,0.027008,0.030584,0.030564,0.031422,0.034923,0.832489,1.071806,0.084636,5.821089,-0.036636,3.655399,-0.006293,5.619961,-0.001312,10.581
2025-08-19,525.95,530.0,518.05,525.55,580436.0,99.235849,101.524949,99.160377,101.447737,0.4,-0.076053,11.95,0.186198,1.607542,-0.163138,1.541436,2.539914,-0.163138,-1.142804,2.530238,0.421601,-2.110236,6.984339,0.421601,-0.269744,1.960784,0.098782,-2.315817,10.602612,0.098782,-0.063106,2.382204,-0.005435,-0.022897,3.782933,-0.005435,-0.06274,3.261193,-0.004082,0.697848,3.345776,-0.004082,0.014614,0.015368,0.015812,0.019121,0.020265,0.02868,0.019132,0.020823,0.025107,0.025011,0.02696,0.030538,0.030515,0.031361,0.034875,0.44766,1.666553,0.113312,5.655081,-0.029284,3.589187,-0.005187,5.595728,-0.001456,10.575133
2025-08-20,525.7,534.0,520.0,532.35,439097.0,98.445693,101.096154,99.691011,102.375,6.65,1.293883,14.0,0.646529,1.506539,0.429696,0.658527,0.265761,0.429696,-1.038675,2.587777,0.901375,-2.058113,6.531773,0.901375,-0.247652,1.97225,0.781612,-2.300339,10.404612,0.781612,-0.015173,2.360486,0.55457,-0.051948,3.994231,0.55457,-0.064093,3.260571,0.416484,0.699239,3.351673,0.416484,0.015372,0.016314,0.01677,0.019123,0.020239,0.028685,0.019154,0.020823,0.025114,0.024684,0.026682,0.030295,0.030491,0.031337,0.034855,0.311006,1.622278,0.153713,5.576137,-0.024481,3.687165,-0.006464,5.481365,-0.001008,10.574775
2025-08-21,535.0,539.3,525.4,535.5,547370.0,99.20267,101.827179,99.295383,101.922345,0.5,0.591716,13.9,0.714455,1.491893,-0.082271,0.457943,0.276612,-0.082271,-0.771354,2.456521,0.554878,-2.550676,9.772486,0.554878,-0.246827,1.972599,0.425095,-2.300194,10.399294,0.425095,-0.024013,2.356498,0.26129,-0.043162,4.039894,0.26129,-0.075979,3.253784,0.205206,0.710623,3.411823,0.205206,0.016272,0.017541,0.017872,0.017896,0.019855,0.028425,0.019183,0.020864,0.025167,0.024521,0.026483,0.030151,0.030452,0.031301,0.034823,0.18171,1.714559,0.118331,5.267198,-0.020552,3.725367,-0.005199,5.475027,-0.000453,10.533491
2025-08-22,533.95,536.1,526.1,534.05,606329.0,99.598955,101.492112,99.617609,101.51112,0.1,-0.270775,10.0,0.880803,1.268259,-0.907999,1.114776,0.764717,-0.907999,-0.74793,2.459075,0.194038,-2.573996,9.837791,0.194038,-0.220704,1.963252,-0.025504,-2.368179,10.790717,-0.025504,-0.020691,2.355908,-0.106152,-0.047371,4.047275,-0.106152,-0.087017,3.250665,-0.056529,0.721754,3.445813,-0.056529,0.016387,0.017874,0.018446,0.017853,0.019827,0.028444,0.018571,0.020242,0.024638,0.022076,0.023314,0.02783,0.030449,0.031303,0.034826,-0.560427,0.658627,0.125988,5.216919,-0.023865,3.658661,-0.005697,5.467755,-0.000179,10.513883
2025-08-25,534.05,538.8,528.45,532.15,311495.0,99.118411,101.059703,98.765776,100.700161,1.9,-0.355772,10.35,0.2366,0.698219,-0.848404,1.049807,-0.29778,-0.848404,-0.698849,2.456486,0.139662,-2.647709,10.152203,0.139662,-0.221344,1.963292,-0.068471,-2.367021,10.78624,-0.068471,-0.029869,2.355402,-0.138364,-0.035658,4.052694,-0.138364,-0.071498,3.241881,-0.087688,0.718843,3.496209,-0.087688,0.013796,0.015829,0.016088,0.017676,0.019663,0.028266,0.018266,0.019936,0.024176,0.0219,0.023082,0.027635,0.030378,0.031256,0.034777,-0.21241,0.299772,0.122283,5.235411,-0.024436,3.653078,-0.005543,5.466842,-0.000728,10.455477
2025-08-26,532.1,533.7,523.45,529.8,497776.0,99.700206,101.652498,99.269252,101.213105,2.3,-0.441605,10.25,0.163489,0.755897,-0.800498,1.04139,-0.692056,-0.800498,-0.696578,2.456713,0.103786,-2.650026,10.159241,0.103786,-0.232008,1.963005,-0.106773,-2.351196,10.738749,-0.106773,0.013887,2.305687,-0.197552,-0.003912,4.487778,-0.197552,-0.060231,3.236629,-0.117831,0.714495,3.526314,-0.117831,0.013414,0.015321,0.015756,0.017658,0.019636,0.028276,0.018218,0.019883,0.02413,0.021692,0.022974,0.027541,0.030333,0.031214,0.034744,-0.441846,0.066648,0.129303,5.17775,-0.024187,3.654489,-0.008689,5.200125,-0.001178,10.418759
2025-08-28,526.05,527.95,520.0,524.0,823081.0,99.640117,101.163462,99.251823,100.769231,2.05,-1.094753,7.95,-0.314238,0.602037,-1.296458,0.507956,1.943708,-1.296458,-0.695851,2.456586,-0.16238,-2.651394,10.165932,-0.16238,-0.268215,1.961865,-0.421302,-2.30182,10.58406,-0.421302,-0.007313,2.30604,-0.471561,0.022219,4.483622,-0.471561,-0.079251,3.231445,-0.314256,0.732413,3.583225,-0.314256,0.012068,0.014079,0.014889,0.017505,0.01944,0.028115,0.017974,0.019585,0.023921,0.021599,0.022852,0.027427,0.030295,0.031179,0.034717,-0.354377,0.038793,0.117098,5.277151,-0.023897,3.653016,-0.008734,5.201075,-0.000915,10.387235
2025-08-29,526.35,529.0,515.55,519.1,965572.0,99.499055,102.09485,98.128544,100.688585,7.25,-0.935115,13.45,-0.619604,0.370232,-0.852198,-0.593047,-2.575462,-0.852198,-0.771475,2.438542,-0.067105,-2.615658,10.162004,-0.067105,-0.319304,1.944896,-0.316629,-2.30078,10.78406,-0.316629,-0.004578,2.304763,-0.403745,0.01941,4.499816,-0.403745,-0.065888,3.222294,-0.269754,0.732673,3.638924,-0.269754,0.012012,0.013474,0.014015,0.017692,0.01958,0.028205,0.017726,0.019284,0.02368,0.02162,0.022873,0.02735,0.03024,0.031156,0.034692,-0.206766,0.024153,0.133784,5.054054,-0.020843,3.616495,-0.010014,5.175261,-0.001575,10.322996
2025-09-01,519.8,522.9,511.2,520.5,676494.0,99.407152,101.682316,99.541021,101.819249,0.7,0.269698,11.7,-0.511509,0.538293,1.451266,0.551531,-0.243761,1.451266,-0.672702,2.438715,0.386433,-2.742346,10.694265,0.386433,-0.294885,1.944465,0.290354,-2.340236,10.922892,0.290354,0.029871,2.282532,0.10507,0.001422,4.758485,0.10507,-0.047389,3.213491,0.098674,0.727096,3.688964,0.098674,0.012476,0.014042,0.014529,0.017774,0.019692,0.028166,0.017697,0.019259,0.023688,0.021438,0.022722,0.027238,0.030188,0.031133,0.034672,0.075743,0.220334,0.133906,5.053769,-0.021005,3.613442,-0.011772,5.042373,-0.002032,10.261131
2025-09-02,524.0,533.35,521.1,530.25,783570.0,98.24693,100.556515,99.418768,101.755901,6.25,1.873199,12.25,-0.065715,1.207058,1.606314,1.309452,1.33797,1.606314,-0.483514,2.483978,0.948766,-2.779344,10.758245,0.948766,-0.234603,1.964321,1.073043,-2.335633,10.698898,1.073043,0.096828,2.236495,0.794266,0.020877,5.184023,0.794266,-0.03163,3.21515,0.592454,0.712485,3.661217,0.592454,0.012941,0.014271,0.015033,0.017372,0.019293,0.027947,0.017592,0.019122,0.023601,0.021216,0.022483,0.025954,0.03017,0.031109,0.034647,0.599406,0.447017,0.15073,5.10621,-0.017976,3.714096,-0.013618,4.79736,-0.001931,10.273079
2025-09-03,532.9,533.1,523.8,527.4,537011.0,99.962484,101.737304,98.930782,100.687285,5.5,-0.537482,9.3,-0.084891,1.215256,-0.372425,1.349987,1.35363,-0.372425,-0.531652,2.474751,-0.002356,-2.748597,10.704064,-0.002356,-0.231237,1.963641,-0.155958,-2.343199,10.735487,-0.155958,0.101587,2.234614,-0.285987,0.015439,5.211173,-0.285987,-0.052387,3.204881,-0.151361,0.731492,3.758009,-0.151361,0.012755,0.01379,0.014694,0.017279,0.019125,0.027885,0.017558,0.019059,0.023518,0.021,0.022269,0.025698,0.029817,0.03067,0.033944,0.392285,0.873702,0.164309,4.920509,-0.019842,3.69678,-0.014668,4.764295,-0.001457,10.212829
2025-09-04,527.4,529.9,512.1,514.85,1420057.0,99.528213,102.987698,97.159841,100.537004,12.55,-2.379598,17.8,-0.34186,1.56709,-1.300333,0.261919,0.61846,-1.300333,-0.163633,1.30336,-1.700194,0.673518,0.291131,-1.700194,-0.308431,1.970846,-1.050903,-2.236586,10.161757,-1.050903,0.100416,2.235896,-1.109182,0.015114,5.19504,-1.109182,-0.062356,3.209021,-0.722103,0.736147,3.733667,-0.722103,0.015175,0.0155,0.015834,0.016159,0.017496,0.017647,0.01759,0.018983,0.023345,0.020972,0.022233,0.025671,0.029818,0.030654,0.033933,-0.369615,1.691387,-0.007485,1.611947,-0.020706,3.717263,-0.017575,4.691875,-0.001854,10.234865
2025-09-05,515.85,517.75,507.0,511.05,515752.0,99.633028,101.745562,98.705939,100.798817,4.8,-0.738079,10.75,-0.302453,1.550835,-0.280898,0.159532,0.896054,-0.280898,-0.167695,1.305103,-0.437041,0.679366,0.282311,-0.437041,-0.340166,1.964599,-0.202541,-2.212072,10.172849,-0.202541,0.054384,2.204775,-0.359431,0.027805,5.58163,-0.359431,-0.073948,3.207244,-0.207072,0.747594,3.759302,-0.207072,0.014636,0.015035,0.015358,0.014946,0.015947,0.016202,0.017625,0.019013,0.023359,0.020873,0.022096,0.025288,0.029794,0.030631,0.033913,-0.626835,1.138227,-0.023479,1.599801,-0.018883,3.708197,-0.015791,4.604644,-0.001708,10.225265
2025-09-08,515.0,517.05,507.0,508.05,309075.0,99.60352,101.577909,98.259356,100.207101,6.95,-0.587027,10.05,-0.473797,1.518814,-0.074551,0.711887,2.2276,-0.074551,-0.104952,1.249354,-0.385859,0.745392,0.57368,-0.385859,-0.339978,1.964574,-0.125752,-2.21245,10.174441,-0.125752,0.025218,2.193636,-0.279101,0.057177,5.748862,-0.279101,-0.069447,3.205883,-0.161447,0.744708,3.7664,-0.161447,0.01432,0.014116,0.014558,0.01445,0.015401,0.015702,0.01762,0.01898,0.023356,0.020768,0.021952,0.025161,0.029769,0.030592,0.033862,-0.512105,1.320935,-0.055904,1.378926,-0.020092,3.698294,-0.014793,4.581573,-0.001997,10.213
2025-09-09,511.9,515.0,506.0,513.3,450985.0,99.398058,101.166008,99.669903,101.442688,1.4,1.033363,9.0,-0.641765,1.209263,1.385247,-0.128999,1.934521,1.385247,-0.134596,1.212608,0.96318,0.774941,0.940011,0.96318,-0.31405,1.974142,0.682531,-2.214327,10.047644,0.682531,0.024514,2.193298,0.459969,0.057961,5.754249,0.459969,-0.099696,3.166353,0.357844,0.743604,4.006654,0.357844,0.013731,0.013661,0.014449,0.013997,0.014931,0.015405,0.017043,0.01824,0.022534,0.020754,0.021934,0.025149,0.029576,0.030455,0.033745,0.493426,0.682914,-0.012308,1.39186,-0.016672,3.761407,-0.013541,4.609675,-0.000754,9.973767
2025-09-10,517.95,520.95,513.5,515.95,259318.0,99.424129,100.866602,99.040215,100.477118,2.0,0.516267,7.45,-0.431015,1.318839,0.718269,-0.625066,0.193498,0.718269,-0.041555,1.185979,0.470347,0.638017,0.986274,0.470347,-0.32268,1.969451,0.42598,-2.220492,10.12872,0.42598,0.035623,2.192944,0.219178,0.04283,5.758858,0.219178,-0.101127,3.166008,0.195007,0.745137,4.011076,0.195007,0.013459,0.013549,0.014608,0.013577,0.014532,0.015161,0.017043,0.018237,0.022525,0.020695,0.021858,0.025076,0.029552,0.030425,0.033728,0.756317,0.247438,-0.022114,1.319958,-0.011628,3.773004,-0.013624,4.606256,-0.000526,9.972566
2025-09-11,517.0,518.85,509.0,513.4,310945.0,99.643442,101.571709,98.9496,100.86444,3.6,-0.494234,9.85,-0.053942,0.783175,-0.562189,0.792611,-1.883827,-0.562189,-0.015878,1.169402,-0.409061,0.621927,1.144891,-0.409061,-0.311501,1.966805,-0.092908,-2.246153,10.255312,-0.092908,0.025386,2.193004,-0.236944,0.056854,5.758854,-0.236944,-0.093988,3.163491,-0.12652,0.741037,4.026144,-0.12652,0.01111,0.012025,0.013418,0.013561,0.014571,0.015206,0.017027,0.01825,0.02253,0.020684,0.021842,0.025047,0.029521,0.030397,0.033702,0.159098,0.440065,-0.043837,1.23523,-0.013821,3.751176,-0.013639,4.606169,-0.00086,9.955171
2025-09-12,516.0,538.7,513.65,531.65,1194691.0,95.786152,100.45751,98.691294,103.504332,15.65,3.554733,25.05,0.804621,1.682431,1.634607,1.391242,1.954761,1.634607,0.149255,1.416345,2.404413,0.896128,0.926852,2.404413,-0.284136,2.011285,1.908665,-2.032647,9.483408,1.908665,0.06659,2.220325,1.571005,0.039556,5.394349,1.571005,-0.134967,3.060702,1.205508,0.573235,3.904229,1.205508,0.015976,0.016282,0.017278,0.01482,0.015656,0.016145,0.017185,0.018325,0.022609,0.020846,0.021983,0.025169,0.029097,0.030052,0.033361,0.675592,1.351609,0.011402,1.901408,0.001394,3.963959,-0.011901,4.762535,0.001471,9.313852
2025-09-15,536.8,554.0,533.4,542.35,1090531.0,96.895307,100.63742,97.897112,101.677915,5.55,2.012602,20.6,1.324546,1.540553,0.446629,0.552587,0.064422,0.446629,0.305011,1.442486,1.183784,0.651157,0.328351,1.183784,-0.301373,1.987213,1.164433,-2.132853,9.922011,1.164433,0.064056,2.217933,0.878542,0.040093,5.427195,0.878542,-0.164033,3.011939,0.722669,0.538897,4.134624,0.722669,0.018194,0.019397,0.020543,0.015494,0.016524,0.01714,0.017193,0.01842,0.022728,0.020829,0.021963,0.025137,0.028454,0.029369,0.032671,0.499694,1.399255,0.018257,1.965645,0.014533,3.826048,-0.009412,4.796224,0.002991,8.996592
2025-09-16,544.8,546.25,535.15,539.85,661463.0,99.734554,101.803233,98.828375,100.878258,4.95,-0.460957,11.1,1.025682,1.742832,-0.853002,0.80348,-0.934864,-0.853002,0.138701,1.318158,-0.454921,0.836278,1.377282,-0.454921,-0.337592,1.972953,-0.062528,-2.134536,10.121611,-0.062528,0.061557,2.218387,-0.235538,0.0434,5.420451,-0.235538,-0.172952,3.010154,-0.095678,0.548218,4.157935,-0.095678,0.018412,0.019531,0.020415,0.014877,0.015987,0.016582,0.017046,0.018219,0.02254,0.020733,0.021832,0.025044,0.028336,0.029209,0.032482,0.055239,2.423868,0.047739,1.574886,0.018202,3.745698,-0.00989,4.79052,0.003171,8.982204
2025-09-17,543.05,546.0,536.55,540.15,464158.0,99.459707,101.211443,98.928571,100.670953,2.9,0.055571,9.45,0.933543,1.788087,-0.491012,0.945032,-1.018683,-0.491012,0.145282,1.317358,-0.068099,0.821389,1.368709,-0.068099,-0.31015,1.968597,0.185778,-2.189519,10.369637,0.185778,0.087874,2.202331,-0.014668,0.025482,5.647185,-0.014668,-0.150335,2.994675,0.068757,0.548852,4.268848,0.068757,0.018602,0.019751,0.020377,0.014746,0.0158,0.016454,0.016727,0.01786,0.022278,0.020464,0.021568,0.0248,0.028232,0.029141,0.032423,-0.291608,2.387733,0.043161,1.58672,0.01673,3.739581,-0.011493,4.691705,0.002558,8.901435
2025-09-18,541.5,544.4,531.3,537.0,433248.0,99.467303,101.919819,98.640705,101.07284,4.5,-0.583171,13.1,0.915756,1.806192,-0.829883,0.925233,-1.05453,-0.829883,0.051429,1.297942,-0.488928,1.049412,1.963752,-0.488928,-0.330917,1.965834,-0.12832,-2.167063,10.345412,-0.12832,0.045733,2.173985,-0.289286,0.040917,6.037309,-0.289286,-0.134506,2.983906,-0.150362,0.547629,4.352038,-0.150362,0.019035,0.020276,0.020844,0.014677,0.015765,0.016408,0.016612,0.0177,0.02207,0.02029,0.021471,0.024713,0.028169,0.029103,0.032389,-1.023284,0.515642,0.05089,1.514309,0.017961,3.720028,-0.009744,4.599839,0.001951,8.846493
2025-09-19,534.85,543.9,532.35,536.1,672003.0,98.336091,100.469616,98.565913,100.704424,1.25,-0.167598,11.55,0.171289,1.0592,-0.319947,1.935576,3.909609,-0.319947,0.013463,1.292399,-0.140097,1.156363,2.217348,-0.140097,-0.344268,1.962339,0.09003,-2.159,10.377289,0.09003,0.047484,2.17374,-0.098946,0.038513,6.041293,-0.098946,-0.11753,2.973945,-0.016836,0.543629,4.429638,-0.016836,0.015231,0.017291,0.018228,0.014541,0.015586,0.016229,0.016611,0.0177,0.022066,0.020205,0.021372,0.024621,0.028108,0.02908,0.032365,-0.448261,0.495646,0.056292,1.481419,0.02038,3.68726,-0.010106,4.592791,0.001429,8.793321
2025-09-22,538.0,547.0,534.3,539.8,321951.0,98.354662,100.692495,98.683729,101.029384,1.8,0.69017,12.7,-0.093197,0.504146,1.553849,1.028324,0.766223,1.553849,0.061511,1.299121,0.483911,1.024044,1.905876,0.483911,-0.343212,1.962892,0.526459,-2.158404,10.367376,0.526459,0.0605,2.173651,0.289683,0.02074,6.042026,0.289683,-0.113673,2.974492,0.270246,0.539502,4.421299,0.270246,0.01297,0.014761,0.015114,0.014662,0.015737,0.016308,0.016688,0.017798,0.022129,0.020102,0.021242,0.02453,0.028096,0.029066,0.032348,0.207908,0.116879,0.061471,1.477688,0.025218,3.643445,-0.010124,4.592115,0.001555,8.795307
2025-09-23,541.0,542.3,528.05,530.15,836676.0,99.76028,102.452419,97.759543,100.39769,10.85,-1.787699,14.25,-0.358546,0.922049,-1.549977,-0.903064,1.363959,-1.549977,-0.010086,1.361298,-1.305822,0.920615,1.438966,-1.305822,-0.367998,1.973333,-0.719443,-2.093386,9.97409,-0.719443,0.063387,2.170975,-0.852652,0.020216,6.082592,-0.852652,-0.123018,2.976812,-0.559216,0.546849,4.405516,-0.559216,0.013747,0.014879,0.015056,0.014866,0.015757,0.016357,0.016696,0.017728,0.022091,0.020098,0.021214,0.024489,0.028113,0.029077,0.032356,-0.24132,0.563668,0.028465,1.733535,0.021317,3.721527,-0.012517,4.535461,0.001334,8.811166
2025-09-24,530.15,537.5,520.0,522.15,515428.0,98.632558,101.951923,97.144186,100.413462,8.0,-1.509007,17.5,-0.671461,1.007867,-0.831008,0.274626,-1.280773,-0.831008,-0.063456,1.399495,-1.032909,0.904322,1.17017,-1.032909,-0.414333,1.972362,-0.555007,-2.031672,9.788806,-0.555007,0.014724,2.150843,-0.708434,0.049015,6.376379,-0.708434,-0.130259,2.97842,-0.462913,0.552819,4.395121,-0.462913,0.015685,0.016877,0.016863,0.015296,0.016192,0.016739,0.016839,0.01789,0.022219,0.019915,0.021046,0.024346,0.028139,0.029105,0.032376,-0.347177,0.571572,0.000239,1.860654,0.021512,3.716038,-0.011454,4.470539,0.001137,8.822325
2025-09-25,522.0,526.9,509.55,516.15,450576.0,99.070032,102.443332,97.959765,101.295261,5.85,-1.149095,17.35,-0.784646,1.027067,-0.354845,0.771138,-1.056392,-0.354845,-0.066173,1.401653,-0.772603,0.902732,1.154668,-0.772603,-0.473678,1.948312,-0.346668,-2.045749,10.125694,-0.346668,0.044833,2.112546,-0.565161,0.085913,6.912863,-0.565161,-0.14675,2.974865,-0.336938,0.569115,4.441726,-0.336938,0.016855,0.018253,0.018014,0.015812,0.016801,0.017179,0.016949,0.018064,0.022325,0.019692,0.020966,0.024255,0.028117,0.02908,0.032355,-0.416217,0.49742,-0.031554,1.833295,0.02525,3.587225,-0.014676,4.238758,0.001328,8.799692
2025-09-26,516.0,518.0,508.55,515.5,390016.0,99.6139,101.464949,99.517375,101.366631,0.5,-0.125932,9.45,-0.776313,1.033474,0.629315,0.735773,-1.252679,0.629315,-0.025714,1.386852,-0.072263,0.849052,1.217757,-0.072263,-0.44926,1.944793,0.166253,-2.094068,10.334495,0.166253,0.018898,2.098375,-0.06902,0.109634,7.171508,-0.06902,-0.163853,2.964796,0.01279,0.584476,4.548117,0.01279,0.016592,0.017926,0.017629,0.015626,0.016669,0.017085,0.016825,0.017936,0.022222,0.019519,0.020811,0.024126,0.028094,0.029053,0.032297,-0.09936,0.83471,-0.046128,1.756441,0.02393,3.587319,-0.013309,4.211555,0.00185,8.734653
2025-09-29,515.65,523.0,511.95,519.05,288508.0,98.594646,100.722727,99.244742,101.386854,3.4,0.688652,11.05,-0.776616,1.032936,1.418547,0.734695,-1.257005,1.418547,-0.004766,1.39469,0.497184,0.792049,1.055897,0.497184,-0.433186,1.950923,0.575029,-2.096026,10.242414,0.575029,0.008183,2.092121,0.325253,0.120694,7.292183,0.325253,-0.177319,2.95471,0.293081,0.595643,4.652585,0.293081,0.016383,0.017586,0.017155,0.015594,0.016603,0.016937,0.016853,0.017962,0.022226,0.019447,0.020731,0.024035,0.028016,0.028983,0.032233,0.633578,0.050724,-0.031258,1.815415,0.027426,3.573335,-0.011856,4.216077,0.002512,8.665624
2025-09-30,517.0,521.8,515.3,518.95,167961.0,99.080107,100.329905,99.453814,100.708325,1.95,-0.019266,6.5,-0.42293,0.893539,0.451759,-0.115968,-1.665285,0.451759,-0.099389,1.322924,0.060565,0.99963,2.154883,0.060565,-0.484558,1.904039,0.244371,-2.251857,11.20791,0.244371,0.027854,2.082403,-0.022627,0.102531,7.473757,-0.022627,-0.184478,2.952572,0.055955,0.603493,4.680404,0.055955,0.015119,0.016873,0.016536,0.015371,0.016387,0.016706,0.016586,0.017737,0.022051,0.019379,0.020641,0.023888,0.027948,0.028895,0.032153,0.481723,0.174615,-0.001813,1.662513,0.035704,3.287383,-0.013081,4.150462,0.002775,8.648419
2025-10-01,518.95,524.85,517.25,523.6,146018.0,98.875869,100.328661,99.761837,101.227646,4.65,0.89604,7.6,0.05808,0.805747,1.03998,-0.738167,0.23249,1.03998,-0.027713,1.336702,0.691069,0.816329,1.705136,0.691069,-0.460347,1.913916,0.708697,-2.248741,11.041558,0.708697,-0.048224,1.900656,0.49681,-0.655682,7.769467,0.49681,-0.176424,2.953315,0.363139,0.595052,4.666049,0.363139,0.012841,0.014427,0.014047,0.015314,0.01633,0.016592,0.016563,0.017704,0.022007,0.01907,0.020264,0.022689,0.027929,0.028867,0.032131,0.419694,0.167097,0.00549,1.69643,0.039369,3.267042,-0.007428,3.53039,0.002857,8.651259
2025-10-03,526.0,528.45,520.1,521.65,258289.0,99.53638,101.134397,98.713218,100.29802,4.35,-0.372422,8.35,0.213414,0.54871,-1.067661,0.435527,-2.455009,-1.067661,0.072646,1.221187,-0.364455,1.212423,2.447763,-0.364455,-0.452021,1.913364,0.041602,-2.264177,11.100611,0.041602,-0.036042,1.894564,-0.17755,-0.676202,7.923002,-0.17755,-0.173794,2.952903,-0.067265,0.592675,4.668176,-0.067265,0.010116,0.011219,0.011314,0.014766,0.015928,0.016253,0.016465,0.017583,0.021931,0.019008,0.020201,0.022644,0.027918,0.028851,0.032119,-0.028559,0.239235,-0.03657,1.372267,0.038772,3.27469,-0.008556,3.492485,0.002719,8.651405
2025-10-06,521.15,527.75,519.0,521.8,328072.0,98.749408,100.414258,98.872572,100.539499,0.65,0.028755,8.75,0.244352,0.528792,-0.407716,0.286046,-2.068201,-0.407716,0.110987,1.206341,-0.068167,1.169504,2.541245,-0.068167,-0.356352,1.810669,0.212688,-2.551307,14.460483,0.212688,-0.078344,1.844253,0.058072,-0.793025,8.780335,0.058072,-0.182312,2.949833,0.071552,0.60191,4.706481,0.071552,0.009901,0.010949,0.010917,0.014668,0.015853,0.016203,0.015812,0.017291,0.021687,0.018447,0.01958,0.022065,0.027888,0.028814,0.032079,-0.167295,0.167722,-0.049998,1.29938,0.029366,3.033367,-0.005914,3.338113,0.003036,8.62728
2025-10-07,524.0,526.25,518.1,523.8,874443.0,99.572447,101.138776,99.534442,101.100174,0.2,0.383289,8.15,0.183279,0.480036,0.416655,0.702509,0.411146,0.416655,0.159503,1.196261,0.187071,1.07636,2.511367,0.187071,-0.333901,1.812783,0.395629,-2.579454,14.516516,0.395629,-0.146195,1.693611,0.312636,-1.708559,9.709825,0.312636,-0.186254,2.948541,0.193161,0.606298,4.723155,0.193161,0.009095,0.010098,0.010519,0.01458,0.015854,0.016155,0.015767,0.017246,0.021664,0.017873,0.019222,0.02175,0.02787,0.028791,0.032058,-0.006218,0.18427,-0.057129,1.250971,0.030168,3.030922,-0.001248,2.838339,0.003325,8.613577
2025-10-08,523.0,538.5,521.95,526.45,700792.0,97.121634,100.201169,97.762303,100.862152,3.45,0.505918,16.55,0.288316,0.482091,0.451372,-0.261574,-0.273837,0.451372,0.133131,1.181708,0.315465,1.168848,2.918702,0.315465,-0.297035,1.810701,0.443449,-2.646257,14.828039,0.443449,-0.124799,1.688136,0.373618,-1.756391,9.962181,0.373618,-0.181221,2.948861,0.233019,0.601,4.715597,0.233019,0.011903,0.01347,0.014666,0.014985,0.016348,0.016723,0.015824,0.017337,0.02177,0.017805,0.019188,0.021743,0.027877,0.028803,0.032076,-0.002453,0.185917,-0.038382,1.277628,0.029687,3.02953,-0.001762,2.81872,0.003381,8.614204
2025-10-09,527.0,532.7,523.0,528.0,319810.0,98.929979,100.764818,99.117702,100.956023,1.0,0.294425,9.7,0.167993,0.349273,0.361986,-1.075076,0.492863,0.361986,0.122039,1.17896,0.146219,1.206544,3.033696,0.146219,-0.281406,1.812399,0.317718,-2.66501,14.860087,0.317718,-0.114006,1.687323,0.242058,-1.777738,10.034252,0.242058,-0.152436,2.92505,0.15277,0.615875,4.891044,0.15277,0.012275,0.014136,0.015206,0.015063,0.016454,0.016693,0.015807,0.017317,0.021754,0.017733,0.01912,0.021671,0.027812,0.028736,0.031942,0.181086,0.032009,-0.030028,1.290468,0.030613,3.023927,-0.001913,2.815541,0.002655,8.489633
2025-10-10,530.0,536.3,524.0,526.65,477945.0,98.825284,101.145038,98.200634,100.505725,3.35,-0.255682,12.3,0.191341,0.305243,-1.464483,-0.795938,-0.527882,-1.464483,0.133966,1.173592,-0.332013,1.195817,3.089172,-0.332013,-0.264334,1.808458,0.004784,-2.709935,15.127409,0.004784,-0.09108,1.669394,-0.0986,-1.845727,10.663212,-0.0986,-0.137682,2.916998,-0.040453,0.611487,4.960033,-0.040453,0.013085,0.015182,0.016143,0.015165,0.016588,0.016834,0.015809,0.017312,0.021717,0.017646,0.019118,0.021653,0.027727,0.028682,0.031882,-0.065774,0.065886,-0.045155,1.240656,0.028646,3.034215,-0.003472,2.74896,0.00218,8.450499
2025-10-13,520.05,528.1,520.05,525.45,187016.0,98.475667,100.0,99.498201,101.038362,5.4,-0.227855,8.05,0.140019,0.356656,-1.031454,-0.41033,-2.991981,-1.031454,-0.055163,0.854798,-0.202027,0.092638,1.182076,-0.202027,-0.280439,1.80439,0.029142,-2.702569,15.18684,0.029142,-0.076096,1.661274,-0.091351,-1.890711,10.994568,-0.091351,-0.128982,2.914106,-0.033929,0.60552,4.983627,-0.033929,0.012964,0.014766,0.016713,0.013905,0.015478,0.016024,0.015795,0.017271,0.02176,0.01748,0.018906,0.021504,0.027678,0.028635,0.031854,-0.198389,0.023047,0.003688,0.693693,0.030794,2.993235,-0.004545,2.715023,0.00189,8.437642
2025-10-14,525.6,527.8,520.8,524.15,188466.0,99.583175,100.921659,99.30845,100.643241,1.45,-0.247407,7.0,0.01388,0.360617,-0.724556,0.79655,-2.222622,-0.724556,-0.168164,0.702957,-0.112729,-0.782341,0.540502,-0.112729,-0.251272,1.792629,0.002156,-2.796277,15.86042,0.002156,-0.073962,1.660912,-0.104428,-1.895767,11.016971,-0.104428,-0.129847,2.914115,-0.040341,0.606414,4.984258,-0.040341,0.012781,0.014523,0.016312,0.013064,0.014492,0.014893,0.015756,0.017224,0.021644,0.017366,0.018764,0.021378,0.027675,0.028634,0.031846,-0.202893,0.021704,0.033591,0.431924,0.027381,2.993121,-0.00488,2.711201,0.001881,8.437816
2025-10-15,523.0,526.0,516.8,523.5,293694.0,99.429658,101.19969,99.524715,101.29644,0.5,-0.12401,9.2,-0.112106,0.233306,-0.051025,1.975084,3.919732,-0.051025,-0.151316,0.6996,0.039031,-0.869643,0.715856,0.039031,-0.21554,1.776614,0.051519,-2.918112,16.791208,0.051519,-0.09145,1.652027,-0.019709,-1.90532,11.226258,-0.019709,-0.128337,2.914039,0.001485,0.604896,4.983814,0.001485,0.010749,0.01216,0.013342,0.012988,0.014452,0.014838,0.015522,0.017007,0.021494,0.017278,0.018676,0.021315,0.027643,0.028597,0.031795,-0.08286,0.029814,0.029598,0.435839,0.023617,2.977079,-0.00388,2.689358,0.001837,8.437917
2025-10-16,525.5,525.8,518.6,522.3,273811.0,99.942944,101.330505,99.334348,100.713459,3.2,-0.229226,7.2,-0.216836,0.053233,-0.232753,1.959481,4.05355,-0.232753,-0.165556,0.698064,-0.09121,-0.808993,0.667914,-0.09121,-0.228631,1.774205,-0.000336,-2.907956,16.806051,-0.000336,-0.109474,1.643493,-0.072865,-1.912297,11.426597,-0.072865,-0.13794,2.911176,-0.031357,0.615439,5.022881,-0.031357,0.010241,0.011424,0.013007,0.012908,0.014346,0.014746,0.015453,0.016912,0.021443,0.017207,0.018592,0.02125,0.027612,0.028563,0.031766,0.015676,0.001776,0.031752,0.429407,0.025154,2.953087,-0.002953,2.666792,0.002096,8.417921
2025-10-17,522.0,525.45,518.0,521.3,338871.0,99.34342,100.772201,99.210201,100.637066,0.7,-0.191461,7.45,-0.203992,0.049105,0.25519,1.41506,1.723682,0.25519,-0.145971,0.691192,-0.065814,-0.914949,0.949613,-0.065814,-0.03766,1.124445,-0.136779,0.906978,1.805918,-0.136779,-0.137116,1.621016,-0.033525,-1.987443,12.025353,-0.033525,-0.132685,2.91012,-0.020197,0.610914,5.029962,-0.020197,0.008987,0.010002,0.011635,0.012633,0.01405,0.014462,0.014726,0.01603,0.016388,0.016977,0.018356,0.021051,0.027518,0.028451,0.031668,0.009097,0.001764,0.024788,0.433429,0.001948,1.238299,-0.001376,2.599838,0.001922,8.414145
2025-10-20,522.05,523.0,515.55,518.1,257102.0,99.818356,101.260789,99.063098,100.494617,3.95,-0.61385,7.45,-0.281191,0.191873,-1.733746,-1.889205,3.924757,-1.733746,-0.168283,0.699085,-0.637357,-0.79541,0.630967,-0.637357,-0.0368,1.123978,-0.513399,0.906408,1.810683,-0.513399,-0.120317,1.607086,-0.307098,-2.046935,12.610103,-0.307098,-0.137175,2.910167,-0.163797,0.615522,5.033309,-0.163797,0.008865,0.01004,0.010154,0.01245,0.013785,0.014154,0.014145,0.015301,0.01572,0.016889,0.018301,0.021005,0.027515,0.028444,0.031662,-0.080034,0.016641,0.017763,0.453793,-0.000924,1.237883,-0.002966,2.549566,0.001913,8.414529
2025-10-21,522.0,534.5,520.0,528.2,143579.0,97.661366,100.384615,98.821328,101.576923,6.2,1.949431,14.5,0.158177,1.019384,1.757193,2.031204,4.379522,1.757193,-0.10532,0.82571,2.488465,0.183424,1.527648,2.488465,0.039026,1.127598,1.694225,0.890637,1.526696,1.694225,-0.106397,1.619,1.269813,-2.007619,12.252696,1.269813,-0.135824,2.911076,0.716317,0.614175,5.022633,0.716317,0.010968,0.012184,0.012728,0.012597,0.01388,0.014338,0.014033,0.01521,0.015642,0.016897,0.018296,0.02097,0.02751,0.028441,0.031666,0.376226,0.548223,0.06157,0.52166,-0.000671,1.245954,-0.001326,2.593484,0.002498,8.411192
2025-10-23,530.0,532.0,523.0,528.75,206985.0,99.62406,101.338432,99.389098,101.099426,1.25,0.104127,9.0,0.203804,1.008645,-0.098823,1.879461,3.825922,-0.098823,-0.010729,0.725065,0.158408,0.56539,2.384324,0.158408,0.008584,1.104176,0.086529,0.971565,1.952684,0.086529,-0.08159,1.602788,0.115871,-2.087229,12.972881,0.115871,-0.141671,2.909405,0.084484,0.62075,5.045968,0.084484,0.010901,0.012085,0.012699,0.012295,0.013785,0.014278,0.013843,0.015016,0.015484,0.016782,0.018234,0.02091,0.027499,0.028427,0.03165,0.28076,0.656239,0.037998,0.451424,0.003369,1.192456,-0.002577,2.537709,0.002746,8.397174
2025-10-24,529.0,532.4,522.3,523.95,116713.0,99.361382,101.282788,98.412847,100.31591,5.05,-0.907801,10.1,0.068089,1.120883,-0.870644,1.596226,2.813737,-0.870644,0.019331,0.670055,-1.383667,1.080216,2.752611,-1.383667,0.017319,1.094941,-0.844904,0.999085,2.05096,-0.844904,-0.080861,1.602392,-0.516066,-2.089762,12.992428,-0.516066,-0.155806,2.906209,-0.258755,0.635636,5.092815,-0.258755,0.011471,0.01263,0.012947,0.011748,0.013209,0.013728,0.013717,0.014891,0.015368,0.016789,0.018246,0.020919,0.027489,0.028416,0.031637,-0.07147,0.994887,0.001526,0.426447,-0.002101,1.173999,-0.003612,2.53111,0.002943,8.374953
2025-10-27,524.0,525.75,517.7,521.0,220159.0,99.667142,101.216921,99.096529,100.637435,3.0,-0.563031,8.05,-0.006225,1.154215,-0.482411,1.720992,2.931422,-0.482411,0.048635,0.627747,-0.974383,1.488366,3.453339,-0.974383,0.026214,1.08823,-0.541471,1.006686,2.129059,-0.541471,-0.111859,1.581085,-0.285356,-2.162431,13.617654,-0.285356,-0.142041,2.897673,-0.145286,0.633445,5.169393,-0.145286,0.011578,0.012669,0.013014,0.011049,0.012419,0.013067,0.013676,0.014867,0.015345,0.016703,0.018188,0.020865,0.027371,0.028338,0.031544,-0.275559,0.913904,-0.025242,0.353177,-0.005977,1.153119,-0.002312,2.470375,0.002406,8.335236
2025-10-28,521.0,525.0,518.7,522.3,217261.0,99.238095,100.443416,99.485714,100.694043,1.3,0.24952,6.3,0.166449,1.104079,0.07524,1.250928,1.860075,0.07524,0.067407,0.627865,0.290051,1.390999,3.235511,0.290051,0.026163,1.088219,0.205251,1.006857,2.129474,0.205251,-0.111058,1.581249,0.228034,-2.163243,13.615294,0.228034,-0.147706,2.895784,0.137174,0.639885,5.195535,0.137174,0.011389,0.012589,0.01289,0.010891,0.012219,0.012825,0.013639,0.014825,0.015264,0.016671,0.018147,0.020821,0.027332,0.028296,0.03151,-0.406698,0.644386,-0.025129,0.353508,-0.004898,1.155539,-0.001927,2.47225,0.002694,8.319449
2025-10-29,522.3,538.0,520.5,536.0,373325.0,97.081784,100.345821,99.628253,102.977906,13.7,2.623014,17.5,0.301166,1.382109,1.679931,1.593475,2.879178,1.679931,0.164125,0.841308,2.922698,1.808809,3.555058,2.922698,0.100673,1.135862,2.22064,0.955001,1.597753,2.22064,-0.078061,1.603597,1.684385,-2.085517,12.969725,1.684385,-0.119249,2.894904,0.947273,0.620343,5.179063,0.947273,0.012411,0.012295,0.012038,0.011406,0.012374,0.013002,0.013847,0.014939,0.015372,0.01675,0.018182,0.020851,0.027269,0.028227,0.031455,0.619509,0.760597,0.021189,0.65748,-0.001552,1.263877,-0.000646,2.545461,0.002667,8.314854
2025-10-30,543.0,543.0,525.05,528.25,346132.0,100.0,103.418722,97.28361,100.609466,14.75,-1.445896,17.95,-0.008839,1.594819,-0.901078,1.477395,2.239998,-0.901078,0.092794,0.914933,-1.681751,1.348578,2.694665,-1.681751,0.01445,1.084174,-1.346966,0.93309,1.978154,-1.346966,-0.100355,1.606992,-0.837304,-2.037801,12.720194,-0.837304,-0.113019,2.890677,-0.461095,0.619625,5.218776,-0.461095,0.014647,0.0133,0.014163,0.012151,0.01277,0.013693,0.01376,0.014767,0.015295,0.016781,0.018152,0.020879,0.027236,0.028199,0.031441,0.210986,1.945728,-0.004707,0.794511,0.001579,1.151405,-0.000936,2.555869,0.002081,8.299794
2025-10-31,530.45,540.45,528.45,535.3,344093.0,98.14969,100.378465,99.04709,101.296244,4.85,1.334595,12.0,0.439641,1.594114,0.561412,0.350405,-0.834383,0.561412,0.114722,0.940106,1.297591,1.263661,2.084614,1.297591,0.042663,1.100009,1.174474,0.84996,1.635531,1.174474,-0.11354,1.589485,0.911072,-2.126484,13.26504,0.911072,-0.099569,2.891125,0.496058,0.606279,5.202154,0.496058,0.014982,0.013833,0.014789,0.012365,0.01305,0.013974,0.013756,0.01474,0.015283,0.016662,0.01804,0.020778,0.027192,0.02814,0.031395,0.209984,1.944774,0.025716,0.817621,0.004464,1.181671,0.001585,2.499106,0.00211,8.301972
2025-11-03,535.3,541.0,530.0,540.05,305065.0,98.946396,101.0,99.824399,101.896226,4.75,0.887353,11.0,0.729717,1.494923,0.105447,-0.423627,0.870313,0.105447,0.17771,0.94792,0.748631,1.050431,1.547021,0.748631,0.034533,1.092046,0.780938,0.86982,1.774153,0.780938,-0.10656,1.592359,0.624176,-2.125923,13.187632,0.624176,-0.070894,2.872173,0.333631,0.611245,5.357881,0.333631,0.015418,0.014361,0.015399,0.012487,0.013203,0.014111,0.013682,0.014665,0.01522,0.016644,0.018009,0.020759,0.027089,0.02803,0.031269,-0.001275,1.787832,0.029062,0.825542,0.009516,1.149857,0.002363,2.505598,0.001541,8.200211
2025-11-04,544.0,546.95,532.95,536.2,473209.0,99.460645,102.073365,98.034555,100.609813,7.8,-0.712897,14.0,0.537234,1.628226,-0.767787,-0.012451,-1.374186,-0.767787,0.140628,0.968341,-0.88143,1.0678,1.372985,-0.88143,0.00844,1.094045,-0.65933,0.930017,1.833833,-0.65933,-0.119193,1.592105,-0.372905,-2.103942,13.12799,-0.372905,-0.083418,2.869469,-0.219371,0.624755,5.399708,-0.219371,0.016604,0.015597,0.016767,0.012768,0.013422,0.014354,0.013679,0.014607,0.015163,0.01666,0.018009,0.02077,0.027065,0.028012,0.031248,-0.433857,1.744431,0.013987,0.884294,0.009121,1.15567,0.002401,2.504648,0.001727,8.182746
2025-11-05,536.2,536.2,536.2,536.2,0.0,100.0,100.0,100.0,100.0,0.0,0.0,0.0,0.012631,1.136505,-0.011114,-0.143369,-1.674873,-0.011114,0.121463,0.967077,-0.125598,1.136951,1.506543,-0.125598,0.013856,1.093305,-0.012673,0.916782,1.827488,-0.012673,-0.103424,1.585316,0.065239,-2.153522,13.488566,0.065239,-0.094076,2.865156,0.032835,0.636508,5.458402,0.032835,0.014029,0.013628,0.015093,0.012595,0.013193,0.014106,0.013585,0.014485,0.015022,0.01627,0.0176,0.020399,0.027031,0.027972,0.031212,0.08443,1.019059,0.015809,0.880166,0.008418,1.156653,0.001588,2.485993,0.002073,8.153751
2025-11-06,533.35,535.85,523.2,526.25,205320.0,99.533452,101.939985,98.208454,100.582951,7.1,-1.855651,12.65,-0.06932,1.27438,-1.401726,-0.467817,-0.854882,-1.401726,0.003385,1.0576,-1.757786,0.858196,1.240025,-1.757786,-0.016142,1.123805,-1.636859,0.83047,1.572057,-1.636859,-0.118743,1.594839,-1.08908,-2.099411,13.027098,-1.08908,-0.102642,2.867861,-0.61126,0.642583,5.434877,-0.61126,0.012509,0.01321,0.013585,0.012302,0.012702,0.013434,0.013637,0.014507,0.015064,0.016119,0.017434,0.020136,0.027016,0.02795,0.031191,-0.726785,0.242804,-0.006365,1.061246,0.003114,1.235659,0.000414,2.517935,0.001803,8.172672
2025-11-07,526.0,527.65,513.15,515.85,253913.0,99.687293,102.504141,97.763669,100.526162,10.15,-1.976247,14.5,-0.731488,1.221601,-1.018957,0.293588,-1.740496,-1.018957,-0.110149,1.143133,-1.632442,0.707138,0.877389,-1.632442,-0.046835,1.156153,-1.668821,0.743142,1.331751,-1.668821,-0.139422,1.605455,-1.144115,-2.034596,12.513974,-1.144115,-0.099434,2.865391,-0.654994,0.642868,5.459083,-0.654994,0.013271,0.013372,0.013547,0.01262,0.012847,0.013581,0.013742,0.014549,0.015088,0.016136,0.017422,0.020118,0.027009,0.027952,0.031192,-0.686995,0.249921,-0.03005,1.21139,-0.00254,1.308612,-0.000562,2.551448,0.001144,8.165053
2025-11-10,517.3,531.0,517.05,529.05,378648.0,97.419962,100.048351,99.632768,102.320859,11.75,2.558883,13.95,-0.397182,1.845016,1.60219,1.248728,1.399461,1.60219,0.03058,1.288303,1.962507,0.648466,0.080915,1.962507,0.026238,1.203078,2.105138,0.699527,0.95097,2.105138,-0.120989,1.625823,1.648317,-1.94817,11.918218,1.648317,-0.112973,2.846242,0.938731,0.640466,5.641079,0.938731,0.014029,0.013211,0.013342,0.012741,0.012662,0.013426,0.013867,0.014584,0.015101,0.016052,0.017267,0.019998,0.026875,0.027846,0.031103,0.456731,2.306059,0.005781,1.575627,0.001025,1.41823,0.001559,2.614844,0.00235,8.04219
2025-11-11,526.5,559.85,522.4,536.2,3354297.0,94.043047,100.784839,95.775654,102.641654,9.7,1.351479,37.45,0.015693,1.982558,0.673769,0.233952,-2.091599,0.673769,0.109546,1.31965,0.941108,0.462715,-0.344905,0.941108,0.07197,1.209233,1.058117,0.609323,0.781589,1.058117,-0.123667,1.623146,0.908819,-1.957784,11.997121,0.908819,-0.082069,2.828275,0.506863,0.643877,5.794808,0.506863,0.022228,0.024021,0.025234,0.015637,0.016429,0.017165,0.014903,0.015903,0.016534,0.016376,0.017674,0.020416,0.02688,0.027928,0.031202,0.711749,2.131254,0.020571,1.640332,0.001788,1.432333,0.003489,2.598117,0.001857,7.94765
2025-11-12,538.2,546.95,526.1,543.2,516810.0,98.400219,102.299943,99.31438,103.250333,5.0,1.305483,20.85,0.27679,2.064255,0.498336,-0.327741,-2.766456,0.498336,0.187191,1.343019,0.83267,0.288432,-0.626376,0.83267,0.092686,1.221499,0.992876,0.559949,0.605137,0.992876,-0.1011,1.627207,0.864415,-1.977282,11.965703,0.864415,-0.069839,2.828964,0.486158,0.631171,5.775153,0.486158,0.024557,0.02686,0.028092,0.016387,0.01737,0.018115,0.015143,0.016194,0.016811,0.016469,0.017793,0.020533,0.026876,0.027926,0.031201,0.964999,1.546472,0.032019,1.679426,0.005175,1.456642,0.003836,2.609063,0.001905,7.950928
2025-11-13,542.65,550.9,533.1,535.25,269506.0,98.502451,101.791409,97.159194,100.403301,7.4,-1.463549,17.8,0.35521,1.968205,-0.92407,-0.335592,-2.513077,-0.92407,0.120214,1.391869,-1.137868,0.322747,-0.813867,-1.137868,0.025951,1.21336,-1.227583,0.631318,0.793716,-1.227583,-0.104326,1.629607,-0.83408,-1.965843,11.864401,-0.83408,-0.064843,2.825596,-0.495013,0.630546,5.810348,-0.495013,0.025292,0.027777,0.028957,0.016804,0.017812,0.018528,0.01527,0.016348,0.016945,0.016472,0.017789,0.020538,0.026865,0.027928,0.031204,-0.0228,3.098025,0.003524,1.840022,0.005874,1.435613,0.002396,2.624279,0.001336,7.938127
2025-11-14,534.2,544.5,531.05,540.55,220832.0,98.108356,100.593164,99.274564,101.788909,6.35,0.990191,13.45,0.948498,1.475033,0.028266,-1.26534,2.725302,0.028266,0.181185,1.402424,0.576863,0.185365,-0.939967,0.576863,0.056504,1.218108,0.766506,0.558214,0.674891,0.766506,-0.087367,1.632108,0.660225,-1.985007,11.860132,0.660225,-0.052574,2.82482,0.369144,0.618786,5.808794,0.369144,0.025076,0.027839,0.029002,0.017036,0.01806,0.018702,0.015345,0.016437,0.016997,0.016489,0.017796,0.020512,0.026784,0.027829,0.031111,-0.595241,1.031953,0.010435,1.864834,0.006763,1.444586,0.002682,2.631145,0.001283,7.934227
2025-11-17,544.9,549.85,532.5,537.15,435272.0,99.099754,102.328638,97.690279,100.873239,7.75,-0.628989,17.35,0.310923,1.281161,-0.733641,-0.791354,-1.941057,-0.733641,0.159308,1.411924,-0.558314,0.223327,-0.986612,-0.558314,0.091516,1.170902,-0.615342,0.7222,0.808045,-0.615342,-0.108457,1.625261,-0.320276,-1.980099,11.99646,-0.320276,-0.040021,2.816599,-0.209106,0.617354,5.89381,-0.209106,0.025531,0.028811,0.029979,0.017467,0.018516,0.019176,0.015312,0.016482,0.017062,0.01649,0.017777,0.020441,0.026738,0.027787,0.031065,-0.427623,0.947377,-0.007023,1.892212,-0.000816,1.343452,0.00331,2.605929,0.000731,7.891781
2025-11-18,537.15,554.3,530.35,540.15,3990380.0,96.906008,101.282172,97.447231,101.847836,3.0,0.558503,23.95,0.152328,1.16386,0.34899,-0.662712,-1.542678,0.34899,0.217926,1.40244,0.242846,0.099627,-0.958026,0.242846,0.117448,1.166503,0.3781,0.66993,0.795431,0.3781,-0.111359,1.623793,0.412529,-1.9814,12.035341,0.412529,-0.008508,2.787568,0.203407,0.646124,6.150685,0.203407,0.021137,0.023857,0.023842,0.018346,0.019672,0.020225,0.015664,0.016947,0.017482,0.016673,0.01801,0.020625,0.026578,0.027694,0.030978,-0.06594,1.074959,-0.013528,1.86241,-0.001749,1.332878,0.004287,2.595027,-3.9e-05,7.731678
2025-11-19,540.2,548.55,534.0,546.7,637579.0,98.477805,101.161049,99.662747,102.378277,6.5,1.212626,14.55,0.133757,1.141383,0.94523,-0.716943,-1.538221,0.94523,0.181086,1.363704,0.756426,0.101421,-0.811797,0.756426,0.153441,1.172074,0.903684,0.586386,0.650164,0.903684,-0.093268,1.628405,0.801947,-1.992811,11.960709,0.801947,-0.026973,2.767009,0.447993,0.65286,6.393252,0.447993,0.019747,0.022044,0.021825,0.018329,0.019649,0.020138,0.015741,0.017056,0.017553,0.016707,0.018043,0.020653,0.026311,0.027385,0.030694,0.492066,0.557945,0.028021,1.740596,-0.000897,1.346115,0.004779,2.606155,0.000884,7.615453
2025-11-20,549.9,549.9,538.3,541.15,223873.0,100.0,102.154932,98.408802,100.529445,8.75,-1.015182,11.6,0.22343,0.992407,-1.248089,-0.453271,-2.59087,-1.248089,0.12512,1.389748,-0.82051,0.192849,-0.945894,-0.82051,0.11247,1.176484,-0.958494,0.65896,0.699485,-0.958494,-0.10079,1.630932,-0.560656,-1.971294,11.830716,-0.560656,-0.042213,2.763999,-0.352015,0.669371,6.447791,-0.352015,0.018572,0.02045,0.020378,0.01841,0.019629,0.020149,0.015774,0.017041,0.017524,0.016421,0.017651,0.02018,0.026184,0.027217,0.030415,-0.216913,0.693794,0.009717,1.831689,-0.001492,1.355968,0.004129,2.619138,0.001047,7.597842
2025-11-21,542.0,542.85,537.0,539.35,279100.0,99.843419,100.931099,99.355255,100.437616,2.65,-0.332625,5.85,-0.041133,0.909779,-0.320398,0.57233,-1.382181,-0.320398,0.153879,1.373099,-0.354311,0.152851,-0.859489,-0.354311,0.095492,1.176663,-0.36384,0.701743,0.739805,-0.36384,-0.113594,1.62764,-0.13457,-1.961984,11.88531,-0.13457,-0.071752,2.735081,-0.09538,0.679575,6.79279,-0.09538,0.017558,0.019399,0.019447,0.018287,0.019503,0.020042,0.015754,0.017013,0.017457,0.016411,0.017636,0.020146,0.026021,0.027092,0.030308,-0.098096,0.642912,-0.013132,1.785398,-0.001551,1.356344,0.004626,2.604886,0.00185,7.431854
2025-11-24,535.0,544.4,534.05,541.55,540319.0,98.273328,100.177886,99.476488,101.404363,6.55,0.407898,10.35,0.166244,0.859043,0.281306,-0.36346,-0.572145,0.281306,0.202426,1.363549,0.15069,0.046233,-0.80763,0.15069,0.113535,1.17435,0.250661,0.660973,0.723849,0.250661,-0.098983,1.625677,0.311797,-1.994282,12.030827,0.311797,-0.061918,2.733242,0.17189,0.670889,6.808911,0.17189,0.016146,0.017742,0.018031,0.018351,0.01953,0.020153,0.015754,0.016991,0.017473,0.016403,0.017632,0.020156,0.025709,0.02668,0.029958,-0.184646,0.522175,-0.020823,1.751886,-0.00226,1.350452,0.004367,2.60051,0.001698,7.423654
2025-11-25,542.6,543.8,535.5,538.9,248502.0,99.779331,101.325864,99.098933,100.634921,3.7,-0.489336,8.3,-0.043324,0.8672,-0.514313,0.665828,-0.334225,-0.514313,0.165483,1.372188,-0.477208,0.127635,-0.860094,-0.477208,0.032654,1.06685,-0.489281,0.401702,0.155968,-0.489281,-0.125741,1.609622,-0.225888,-2.033313,12.45722,-0.225888,-0.044741,2.719604,-0.163478,0.676419,6.96931,-0.163478,0.011706,0.011921,0.01266,0.018396,0.019568,0.0202,0.015282,0.01658,0.017083,0.016261,0.017475,0.020032,0.025455,0.026403,0.029705,-0.198084,0.523154,-0.029961,1.758906,0.004749,1.110709,0.00552,2.539585,0.001051,7.355582
2025-11-26,544.95,544.95,537.65,541.85,213640.0,100.0,101.357761,99.43114,100.781177,3.1,0.547411,7.3,-0.176367,0.65023,1.11311,-0.069821,-1.733105,1.11311,0.061703,1.249549,0.388707,0.003333,-0.778794,0.388707,0.00335,1.030872,0.527768,0.386131,0.378207,0.527768,-0.149012,1.582401,0.440105,-2.164496,13.282878,0.440105,0.00567,2.634938,0.205599,0.922951,7.374209,0.205599,0.0099,0.009827,0.012006,0.017943,0.019298,0.020131,0.014983,0.016215,0.016755,0.016126,0.017353,0.019961,0.024954,0.026182,0.029493,0.296848,0.162003,0.014298,1.476507,0.010809,1.017112,0.007738,2.429058,-0.000291,6.9079
2025-11-27,546.95,546.95,538.0,542.1,220484.0,100.0,101.663569,99.113264,100.762082,4.85,0.046138,8.95,0.035897,0.450504,0.022732,-0.043879,-2.472062,0.022732,0.136304,1.198292,-0.075246,-0.087566,-0.461305,-0.075246,0.013492,1.028703,0.031736,0.359725,0.391411,0.031736,-0.16205,1.575281,0.132159,-2.177503,13.496672,0.132159,0.002283,2.634446,0.016647,0.927262,7.386823,0.016647,0.009212,0.009596,0.012363,0.017507,0.019081,0.019827,0.014947,0.01617,0.016763,0.016031,0.017225,0.019857,0.024923,0.026139,0.029443,0.089704,0.146269,-0.009729,1.360961,0.009773,1.017176,0.008763,2.392715,-0.000177,6.905498
2025-11-28,530.05,543.85,530.05,536.9,293184.0,97.462536,100.0,98.722074,101.292331,6.85,-0.959233,13.8,-0.089424,0.630032,-1.380578,-0.56357,-1.463213,-1.380578,0.021613,1.187288,-0.826123,0.126966,-0.384556,-0.826123,-0.006804,1.037826,-0.917715,0.393937,0.315676,-0.917715,-0.158477,1.573039,-0.50905,-2.191043,13.609706,-0.50905,0.005189,2.633055,-0.366275,0.92616,7.404181,-0.366275,0.011138,0.011642,0.017495,0.017587,0.019142,0.020555,0.015033,0.016247,0.017149,0.015902,0.017073,0.019875,0.024895,0.026126,0.029464,-0.219879,0.220859,-0.006459,1.337782,0.007587,1.043554,0.007589,2.401715,-0.000553,6.897295
2025-12-01,538.25,539.4,518.4,526.55,697870.0,99.7868,103.82909,97.617723,101.572145,11.7,-1.927733,21.0,-0.55655,0.952468,-1.439611,-0.520143,-0.134748,-1.439611,-0.119141,1.244728,-1.453002,0.244517,-0.479064,-1.453002,-0.033696,1.069987,-1.770151,0.318343,0.180627,-1.770151,-0.182306,1.581675,-1.103531,-2.124258,13.129742,-1.103531,-0.016053,2.631417,-0.726483,0.946883,7.459412,-0.726483,0.014533,0.015182,0.019851,0.01817,0.019684,0.021077,0.015267,0.016451,0.017363,0.015954,0.017087,0.019851,0.024876,0.026093,0.029422,-0.438344,0.341465,-0.020637,1.457719,0.001656,1.121403,0.00691,2.43689,-0.000492,6.888929
2025-12-02,526.0,530.9,520.5,524.45,286549.0,99.077039,101.056676,98.785082,100.758886,1.55,-0.398823,10.4,-0.538448,0.954921,0.146216,-0.609212,-0.086576,0.146216,-0.103438,1.23881,-0.238442,0.211547,-0.438367,-0.238442,-0.03832,1.071076,-0.33658,0.330065,0.173285,-0.33658,-0.191294,1.580312,-0.131321,-2.113205,13.135153,-0.131321,-0.00589,2.625962,-0.149634,0.945003,7.528259,-0.149634,0.014913,0.015778,0.020208,0.01803,0.019604,0.020942,0.01525,0.016429,0.017314,0.015945,0.017076,0.019828,0.024824,0.026046,0.029379,-0.386634,0.430528,-0.034008,1.419463,0.000469,1.124215,0.007195,2.429275,-0.000913,6.858418
2025-12-03,523.0,548.0,522.55,545.3,1423824.0,95.437956,100.086116,99.507299,104.35365,22.3,3.975593,25.45,0.147189,2.263542,1.691334,1.640445,3.187049,1.691334,0.095342,1.538897,2.52145,0.766296,0.701895,2.52145,0.027388,1.208625,3.266692,0.833678,1.469579,3.266692,-0.157912,1.632393,2.532176,-1.809849,11.767566,2.532176,0.023673,2.637369,1.498433,0.918281,7.329129,1.498433,0.019298,0.01802,0.021319,0.019127,0.020178,0.021507,0.015649,0.016541,0.017442,0.016177,0.017181,0.01992,0.024827,0.026005,0.029344,0.841932,2.681199,0.025898,2.227493,0.011697,1.403065,0.010173,2.551832,-0.00061,6.919696
2025-12-04,542.7,542.95,536.2,538.25,236770.0,99.953955,101.212234,99.134359,100.38232,4.45,-1.292866,6.75,-0.120612,2.355815,-0.4976,1.931443,3.955188,-0.4976,0.123481,1.506141,-0.940381,0.836421,0.8517,-0.940381,0.037285,1.195413,-1.112713,0.881533,1.558715,-1.112713,-0.165357,1.635885,-0.689235,-1.787651,11.609494,-0.689235,0.000193,2.628019,-0.492028,0.943761,7.497655,-0.492028,0.01908,0.017721,0.020688,0.018931,0.019974,0.021336,0.015522,0.016454,0.017375,0.01612,0.017103,0.019869,0.024684,0.025865,0.029233,0.523606,3.891564,-0.024739,2.134689,0.004146,1.396852,0.009262,2.577884,-0.000297,6.871656
2025-12-05,538.25,547.0,534.15,545.4,218914.0,98.400366,100.767575,99.707495,102.10615,7.15,1.328379,12.85,0.33691,2.374295,0.417585,1.021362,0.256864,0.417585,0.288713,1.443637,0.720172,0.780501,0.825199,0.720172,0.094033,1.187833,1.039158,0.823301,1.460904,1.039158,-0.16015,1.639838,0.907729,-1.77884,11.497783,0.907729,0.015085,2.62706,0.49991,0.929531,7.49089,0.49991,0.018899,0.017429,0.017474,0.01883,0.019941,0.021308,0.015398,0.016306,0.017235,0.016135,0.017116,0.01988,0.024662,0.025843,0.029214,0.561818,3.878543,-0.04068,1.92486,0.003397,1.380327,0.010739,2.566084,-0.000348,6.866533
2025-12-08,545.4,546.85,530.3,537.15,331550.0,99.734845,102.847445,98.226205,101.291722,8.25,-1.512651,16.55,0.419926,2.28073,-0.84735,1.155893,0.478343,-0.84735,0.085136,1.39284,-1.147144,0.980188,1.721178,-1.147144,0.086762,1.196678,-1.336544,0.796549,1.39369,-1.336544,-0.193458,1.633062,-0.807804,-1.762808,11.570988,-0.807804,-0.012256,2.614268,-0.573926,0.956542,7.712664,-0.573926,0.017651,0.016121,0.016051,0.018943,0.020219,0.021557,0.015356,0.016226,0.017196,0.016172,0.01717,0.019922,0.024426,0.025579,0.029011,-0.487487,3.686096,-0.030569,1.811931,-0.003428,1.40095,0.011134,2.53692,1.8e-05,6.800223
2025-12-09,537.15,554.0,532.35,549.55,563199.0,96.958484,100.901662,99.196751,103.230957,12.4,2.30848,21.65,0.961387,2.357822,0.571329,0.104286,-1.967836,0.571329,0.132986,1.453741,1.49648,0.922876,1.088169,1.49648,0.13545,1.236702,1.757117,0.721957,0.934525,1.757117,-0.156905,1.647827,1.496143,-1.744151,11.2649,1.496143,0.034788,2.570363,0.88458,1.061113,8.089392,0.88458,0.019948,0.018441,0.018161,0.01735,0.01803,0.019104,0.015647,0.016486,0.017397,0.016247,0.017226,0.019952,0.024275,0.025418,0.028784,-0.355401,4.194841,0.021188,1.992767,0.001279,1.498503,0.011922,2.569753,-0.000704,6.57208
2025-12-10,550.0,550.45,531.0,533.4,272614.0,99.918249,103.578154,96.902534,100.451977,16.6,-2.938768,19.45,-0.421485,2.168029,-1.161093,0.318583,-1.942333,-1.161093,-0.079227,1.578042,-1.812082,0.717311,1.135963,-1.812082,0.062902,1.307933,-2.294972,0.506174,0.910524,-2.294972,-0.185142,1.671131,-1.647762,-1.668012,10.443798,-1.647762,0.00213,2.566419,-1.145915,1.083154,8.203454,-1.145915,0.018115,0.017478,0.017162,0.017238,0.017412,0.018495,0.015839,0.01653,0.01746,0.016354,0.017261,0.019982,0.024063,0.025157,0.028584,-0.23117,3.6534,-0.004181,2.365125,-0.0046,1.672069,0.010294,2.676449,-0.000611,6.552326
2025-12-11,534.45,534.45,517.75,524.4,510148.0,100.0,103.225495,98.119562,101.284404,10.05,-1.687289,16.7,-0.50037,2.214342,-0.536014,0.424784,-2.18643,-0.536014,-0.090414,1.589126,-1.004876,0.703934,1.065105,-1.004876,0.029541,1.331138,-1.289746,0.510181,0.751964,-1.289746,-0.227508,1.654729,-0.882187,-1.693935,10.730981,-0.882187,-0.002821,2.568728,-0.65576,1.084733,8.1725,-0.65576,0.019738,0.019184,0.018981,0.0172,0.017265,0.018413,0.016032,0.016705,0.017643,0.016311,0.017229,0.019965,0.023999,0.025059,0.028502,-0.745745,2.810375,-0.049011,2.319187,-0.008919,1.719923,0.011059,2.608835,-0.000969,6.562243
2025-12-12,526.0,536.4,525.8,532.9,176028.0,98.061148,100.038037,99.347502,101.350323,6.9,1.6209,10.6,-0.441866,2.277695,0.905637,0.382775,-2.523585,0.905637,-0.058878,1.6177,1.038374,0.6541,0.758265,1.038374,0.044038,1.344647,1.172696,0.490815,0.613341,1.172696,-0.208154,1.664988,1.098539,-1.684297,10.490391,1.098539,-0.008225,2.564142,0.635349,1.092283,8.256758,0.635349,0.01943,0.018753,0.018685,0.017081,0.017083,0.018297,0.016073,0.01674,0.017688,0.01632,0.017229,0.019961,0.02387,0.024907,0.028373,0.227133,4.047138,-0.007502,2.484235,-0.003053,1.769972,0.012105,2.622374,-0.000319,6.541613
2025-12-15,528.0,539.1,527.1,535.55,432115.0,97.941013,100.170746,99.341495,101.603111,7.55,0.497279,12.0,-0.03988,2.218053,0.242176,-0.425572,-2.004659,0.242176,-0.002565,1.616412,0.30923,0.544434,0.668154,0.30923,0.061432,1.344774,0.324104,0.451698,0.585484,0.324104,-0.195295,1.665425,0.415854,-1.70539,10.530795,0.415854,-0.014738,2.561179,0.199915,1.102038,8.319276,0.199915,0.0186,0.017615,0.017962,0.016803,0.016699,0.018032,0.01613,0.016785,0.017769,0.016298,0.017189,0.019955,0.023722,0.024725,0.028205,0.093727,3.918237,-0.008558,2.479714,-0.003007,1.770368,0.012172,2.622455,2.9e-05,6.526838
2025-12-16,538.9,538.9,525.25,527.3,245414.0,100.0,102.598762,97.847467,100.39029,11.6,-1.540472,13.65,-0.80967,1.833926,-0.398491,0.396795,-1.453077,-0.398491,-0.107514,1.645937,-0.870604,0.678483,0.608637,-0.870604,0.030048,1.36373,-1.151635,0.470598,0.467082,-1.151635,-0.163152,1.606516,-0.857333,-1.731647,12.092455,-0.857333,-0.001529,2.546347,-0.604373,1.126849,8.525879,-0.604373,0.016698,0.014861,0.015898,0.016095,0.015427,0.017014,0.016215,0.016789,0.017797,0.016015,0.017042,0.019833,0.023695,0.024687,0.028135,0.498116,2.194388,-0.021669,2.55804,-0.006856,1.812778,0.00861,2.493322,-0.000827,6.449186
2025-12-17,528.0,529.65,522.1,526.0,174275.0,99.688474,101.130052,99.310866,100.746983,2.0,-0.246539,7.55,-0.271224,1.395311,0.017692,0.359475,-1.476121,0.017692,-0.180472,1.616415,-0.040873,0.835007,1.057369,-0.040873,0.017451,1.36331,-0.193639,0.499362,0.490984,-0.193639,-0.158225,1.605487,-0.055008,-1.743901,12.153498,-0.055008,0.009259,2.540681,-0.100681,1.125826,8.60569,-0.100681,0.014154,0.013546,0.014728,0.015803,0.015085,0.016712,0.016206,0.016775,0.017771,0.015988,0.017012,0.019809,0.023655,0.024642,0.028088,-0.027987,1.555948,-0.002811,2.481896,-0.006641,1.812256,0.008211,2.495636,-0.001226,6.417777
2025-12-18,524.1,524.9,519.1,522.85,128347.0,99.84759,100.963206,99.609449,100.722404,1.25,-0.598859,5.8,-0.053538,1.188775,-0.458725,0.348443,0.093799,-0.458725,-0.159656,1.607758,-0.273178,0.812562,1.098899,-0.273178,-0.004644,1.364184,-0.435583,0.546086,0.518744,-0.435583,-0.15084,1.601702,-0.279715,-1.766509,12.328818,-0.279715,0.029944,2.518598,-0.249664,1.164686,8.915031,-0.249664,0.011685,0.011066,0.012334,0.015613,0.014972,0.016579,0.016016,0.016528,0.01748,0.01592,0.016937,0.019738,0.023499,0.024547,0.028005,-0.518334,0.593209,-0.021968,2.439595,-0.006895,1.813877,0.007234,2.496185,-0.002032,6.297861
2025-12-19,521.85,531.0,518.0,528.4,256311.0,98.276836,100.743243,99.510358,102.007722,6.55,1.06149,13.0,-0.16542,1.003705,1.222381,-0.224146,-0.524946,1.222381,-0.08995,1.629932,0.706434,0.661864,0.719425,0.706434,0.010697,1.371907,0.765936,0.511725,0.418545,0.765936,-0.135355,1.605899,0.74528,-1.777686,12.242497,0.74528,0.071511,2.465865,0.401473,1.321019,9.485136,0.401473,0.012334,0.012048,0.012967,0.015897,0.015298,0.016842,0.016078,0.016576,0.017526,0.015943,0.016951,0.019749,0.02324,0.024416,0.027881,0.207003,0.720239,-0.007254,2.522096,-0.003654,1.841706,0.007751,2.503064,-0.002976,6.020574
2025-12-22,535.1,538.25,525.8,536.4,590859.0,99.41477,101.768733,99.656294,102.015976,1.3,1.514005,12.45,0.037925,1.245416,1.18521,0.016161,-1.649392,1.18521,-0.034645,1.666079,0.929517,0.559639,0.322313,0.929517,0.046091,1.387632,1.057855,0.441979,0.236005,1.057855,-0.109122,1.611246,1.007373,-1.796559,12.170427,1.007373,0.087003,2.465142,0.578872,1.305692,9.465657,0.578872,0.012453,0.012821,0.01464,0.015999,0.015532,0.01727,0.01608,0.016587,0.017653,0.015945,0.016953,0.019786,0.023069,0.024203,0.027719,0.741698,0.140617,0.023521,2.618633,-0.00077,1.88689,0.00814,2.514936,-0.00301,6.016344
2025-12-23,536.0,544.65,534.1,537.8,134178.0,98.411824,100.355739,98.742312,100.692754,1.8,0.260999,10.55,0.398219,0.882272,-0.15553,0.254236,-2.006878,-0.15553,0.002872,1.663748,0.155148,0.488338,0.285071,0.155148,0.055868,1.387385,0.147855,0.420436,0.225232,0.147855,-0.112285,1.610195,0.231826,-1.794739,12.195292,0.231826,0.07937,2.462212,0.073767,1.318083,9.540763,0.073767,0.011627,0.013135,0.014765,0.016081,0.015671,0.017412,0.016113,0.016653,0.017628,0.015955,0.016965,0.019798,0.022918,0.024042,0.027574,0.312794,0.427042,0.020565,2.615591,-0.000935,1.886159,0.008776,2.502619,-0.002728,6.007377
2025-12-24,537.8,548.0,536.4,545.05,224228.0,98.138686,100.260999,99.461679,101.612603,7.25,1.348085,11.6,0.717144,0.879144,0.717676,-0.966448,-0.428462,0.717676,0.042906,1.68701,0.773664,0.41698,0.053345,0.773664,0.087778,1.39857,0.90114,0.356101,0.095155,0.90114,-0.081747,1.608626,0.888853,-1.840384,12.395171,0.888853,0.071835,2.455973,0.519651,1.330823,9.677674,0.519651,0.012383,0.0136,0.015109,0.016235,0.015801,0.01731,0.016175,0.016697,0.017669,0.015967,0.016962,0.019752,0.022828,0.023948,0.027497,0.30934,0.426934,0.04838,2.625878,0.001363,1.916492,0.008678,2.49905,-0.00212,5.986666
2025-12-25,545.05,545.05,545.05,545.05,0.0,100.0,100.0,100.0,100.0,0.0,0.0,0.0,0.836916,0.671246,-1.246809,-0.443493,-2.571784,-1.246809,0.040599,1.687037,-0.024065,0.421517,0.055949,-0.024065,0.090258,1.398297,-0.064548,0.350836,0.094993,-0.064548,-0.062641,1.597997,0.0392,-1.898505,12.886613,0.0392,0.036888,2.406268,-0.01533,1.338418,10.486243,-0.01533,0.012018,0.013155,0.014571,0.016083,0.015633,0.017009,0.016106,0.016604,0.017578,0.015817,0.016807,0.01963,0.022659,0.023794,0.027302,-0.22889,0.255676,0.047818,2.627762,0.000638,1.916045,0.007618,2.479697,-0.001088,5.757233
2025-12-26,545.0,546.7,539.4,544.8,190895.0,99.689043,101.038191,99.65246,101.001112,0.2,-0.045867,7.3,0.615444,0.755961,-0.874796,0.532298,-3.060504,-0.874796,0.086267,1.670832,-0.079083,0.355291,0.13407,-0.079083,0.093925,1.397682,-0.100017,0.343334,0.096762,-0.100017,-0.067353,1.597238,0.013452,-1.892476,12.893599,0.013452,-0.035904,2.175287,-0.00458,0.417334,7.110193,-0.00458,0.010638,0.011903,0.013673,0.015811,0.015348,0.015923,0.016104,0.01661,0.017575,0.015782,0.016761,0.0196,0.021395,0.022833,0.026466,-0.338074,0.228593,0.030796,2.620561,-0.000465,1.914401,0.007924,2.473338,0.001082,4.70431
2025-12-29,542.25,545.5,538.2,543.6,227525.0,99.404216,100.752508,99.651696,101.003344,1.35,-0.220264,7.3,0.26859,0.627569,-0.778966,1.838607,3.524239,-0.778966,0.171641,1.604827,-0.244204,0.338632,0.485285,-0.244204,0.093349,1.397808,-0.224361,0.344468,0.096211,-0.224361,0.027844,1.263805,-0.196319,0.569601,0.653227,-0.196319,0.00183,2.104821,-0.105517,0.657855,7.547344,-0.105517,0.009314,0.010249,0.010549,0.014994,0.014488,0.015089,0.016099,0.016602,0.017585,0.015428,0.016319,0.016993,0.021145,0.022664,0.026287,-0.235648,0.204014,-0.005383,2.445732,-0.001903,1.914037,0.001971,1.577994,-0.000111,4.408077
2025-12-30,538.15,544.7,529.1,532.55,515829.0,98.797503,101.710452,97.769414,100.652051,5.6,-2.032745,15.6,-0.190158,1.206151,-1.527658,-0.618853,2.11571,-1.527658,0.089944,1.675431,-1.266951,0.329387,0.123872,-1.266951,0.064971,1.426566,-1.470465,0.318443,-0.023861,-1.470465,0.014085,1.278736,-1.600667,0.541273,0.576296,-1.600667,0.023123,2.06194,-0.997055,0.807901,7.977203,-0.997055,0.010957,0.011985,0.0127,0.015264,0.014808,0.015544,0.016241,0.016781,0.017793,0.015229,0.016058,0.016785,0.020955,0.022504,0.02613,-0.698192,0.188896,-0.045881,2.59672,-0.008638,1.978852,0.000332,1.618722,-0.001363,4.224144
2025-12-31,532.0,541.5,531.15,538.25,1608226.0,98.245614,100.16003,99.399815,101.336722,6.25,1.070322,10.35,-0.245711,1.120981,1.174001,-1.007116,2.451967,1.174001,-0.055319,1.428565,0.787953,-0.286342,-0.775973,0.787953,0.047389,1.408165,0.72643,0.326898,0.09372,0.72643,0.043207,1.269167,0.809283,0.521528,0.591092,0.809283,0.03847,2.058232,0.501329,0.795161,8.027817,0.501329,0.010672,0.011765,0.012561,0.014104,0.014251,0.01497,0.016156,0.016667,0.017658,0.015132,0.015955,0.016677,0.020811,0.022353,0.025997,0.015377,1.004805,0.029476,1.909868,-0.001657,1.942699,-0.000165,1.594653,-0.001512,4.207522
2026-01-01,538.3,544.9,531.0,537.3,103750.0,98.788769,101.374765,98.605249,101.186441,1.0,-0.176498,13.9,-0.28101,1.114067,0.093812,-0.871861,2.349294,0.093812,0.000499,1.399172,-0.126501,-0.397396,-0.515348,-0.126501,0.041776,1.408494,-0.15497,0.339035,0.096426,-0.15497,0.02518,1.259218,-0.160161,0.557282,0.714035,-0.160161,0.042783,2.056866,-0.106609,0.791116,8.05008,-0.106609,0.012731,0.014315,0.014709,0.014428,0.014735,0.015318,0.016239,0.01678,0.017731,0.015089,0.015922,0.016642,0.020789,0.02234,0.025978,0.102933,0.971725,0.008205,1.857561,-0.002045,1.943306,0.000663,1.569407,-0.001706,4.199841
2026-01-02,537.3,542.0,532.0,540.8,164120.0,99.132841,100.996241,99.778598,101.654135,3.5,0.651405,10.0,-0.141556,1.191789,0.665353,-1.104234,1.507389,0.665353,-0.033349,1.373307,0.498617,-0.384739,-0.392382,0.498617,0.07296,1.404295,0.411911,0.280991,0.101509,0.411911,0.04514,1.253091,0.483816,0.53148,0.737513,0.483816,0.051145,2.055919,0.291967,0.78072,8.057144,0.291967,0.013193,0.014775,0.015145,0.014291,0.014636,0.015254,0.016235,0.016786,0.017746,0.015029,0.015867,0.016595,0.020757,0.022301,0.025943,0.359959,0.877149,0.03847,1.742466,-0.002936,1.930808,0.000205,1.5545,-0.001776,4.195159
2026-01-05,537.7,542.0,534.55,538.95,148824.0,99.206642,100.589281,99.437269,100.823122,1.25,-0.342086,7.45,-0.16592,1.195041,-0.147414,-0.995137,1.149352,-0.147414,0.025179,1.331243,-0.275881,-0.489512,0.005079,-0.275881,0.077379,1.402599,-0.299063,0.273597,0.11286,-0.299063,0.051797,1.249203,-0.315307,0.52601,0.76825,-0.315307,0.049434,2.056104,-0.190418,0.782995,8.055808,-0.190418,0.01322,0.014811,0.015202,0.013807,0.014134,0.014805,0.016225,0.016778,0.017755,0.015005,0.015852,0.01659,0.020765,0.022311,0.025954,0.29624,0.966983,0.010702,1.67979,-0.00547,1.921708,-0.000663,1.544538,-0.001842,4.195116
2026-01-06,540.0,547.9,536.4,538.65,300456.0,98.558131,100.671141,98.311736,100.419463,1.35,-0.055664,11.5,0.229496,0.603707,-0.472348,0.743673,-1.675901,-0.472348,-0.093028,1.21797,0.030678,-0.699908,0.213603,0.030678,0.071276,1.402499,-0.090509,0.287198,0.119099,-0.090509,0.048719,1.249084,-0.083568,0.533654,0.775157,-0.083568,-0.008015,1.890234,-0.025208,-0.009146,5.674125,-0.025208,0.012096,0.013707,0.013788,0.013042,0.013462,0.014306,0.016292,0.016869,0.017856,0.015024,0.01588,0.016607,0.020718,0.022251,0.024686,-0.241756,0.174678,0.045599,1.340142,-0.005361,1.921677,-0.000605,1.544303,-0.000142,3.555052
2026-01-07,535.3,537.05,526.0,532.95,228328.0,99.674146,101.768061,99.23657,101.321293,2.35,-1.058201,11.05,-0.196209,0.612964,-1.406268,-0.057604,1.466517,-1.406268,0.001,1.047354,-1.011311,-0.273543,-0.506131,-1.011311,-0.002349,1.361845,-0.77531,0.33083,0.317006,-0.77531,0.049162,1.248679,-0.886828,0.533984,0.778258,-0.886828,-0.014276,1.891635,-0.551864,2.9e-05,5.648748,-0.551864,0.012273,0.014245,0.01474,0.012432,0.013321,0.014255,0.016145,0.016822,0.017847,0.01504,0.015908,0.016651,0.020622,0.022129,0.02459,-0.247048,0.178515,-0.013121,1.036379,-0.00177,1.816878,-0.001961,1.540405,-0.000268,3.560151
2026-01-08,530.55,535.75,524.3,530.4,149928.0,99.029398,101.192066,99.0014,101.163456,0.15,-0.478469,11.45,-0.256603,0.625289,-0.354821,0.392203,0.968,-0.354821,0.061441,0.977337,-0.552429,-0.248523,-0.133668,-0.552429,0.017,1.347717,-0.367636,0.321663,0.415072,-0.367636,0.015725,1.216872,-0.406118,0.532513,0.947861,-0.406118,-0.014248,1.891628,-0.245408,-1.2e-05,5.648871,-0.245408,0.011668,0.01353,0.014288,0.012033,0.013072,0.013936,0.015996,0.016799,0.017718,0.01492,0.015815,0.016546,0.020619,0.022131,0.024585,-0.297586,0.135674,-0.046628,0.835137,-0.006425,1.771415,-0.000567,1.465702,-0.000408,3.55981
2026-01-09,524.0,527.75,513.0,517.85,283769.0,99.289436,102.14425,98.124112,100.945419,6.15,-2.366139,14.75,-0.860112,0.917673,-1.641137,-1.460303,1.97273,-1.641137,-0.137911,1.046674,-2.128866,-0.482402,0.029466,-2.128866,-0.057015,1.375218,-1.679096,0.341778,0.383784,-1.679096,-0.007176,1.239947,-1.902471,0.486823,0.836755,-1.902471,-0.035141,1.894425,-1.230451,0.019146,5.605569,-1.230451,0.013003,0.014874,0.016212,0.012333,0.013476,0.014477,0.016064,0.016874,0.017847,0.014954,0.015843,0.01661,0.020606,0.022112,0.024578,-0.447091,0.273918,-0.056685,0.933911,-0.008806,1.837252,-0.002038,1.518634,-0.000484,3.570123
2026-01-12,513.5,519.95,499.0,514.3,531920.0,98.759496,102.905812,98.913357,103.066132,0.8,-0.685527,20.95,-0.9288,0.881339,0.276027,-1.33916,2.139643,0.276027,-0.197051,1.042301,-0.468651,-0.320868,-0.031224,-0.468651,-0.088472,1.371159,-0.435438,0.407537,0.459168,-0.435438,-0.02697,1.234756,-0.53335,0.528299,0.924641,-0.53335,-0.021071,1.878953,-0.353631,0.028536,5.833074,-0.353631,0.016652,0.019273,0.020744,0.013171,0.014665,0.015605,0.016346,0.017263,0.018258,0.015073,0.016017,0.016803,0.020451,0.022006,0.024493,-0.256766,0.489549,-0.054479,0.933389,-0.007972,1.82924,-0.001652,1.507102,-0.001103,3.508757
2026-01-13,514.25,516.85,510.1,513.3,192944.0,99.496953,100.813566,99.313147,100.627328,0.95,-0.194439,6.75,-0.956555,0.848543,0.898146,-1.520768,2.471327,0.898146,-0.12975,0.993296,-0.065126,-0.452279,0.585868,-0.065126,-0.078103,1.368298,-0.085022,0.388428,0.475643,-0.085022,-0.034831,1.233279,-0.129417,0.548387,0.957549,-0.129417,-0.029422,1.875976,-0.087963,0.039579,5.888062,-0.087963,0.01604,0.018546,0.019901,0.012834,0.01456,0.015417,0.016235,0.017164,0.018144,0.015012,0.015937,0.016715,0.02033,0.021855,0.024374,0.152047,0.529784,-0.075653,0.747001,-0.009751,1.814994,-0.001377,1.504188,-0.000903,3.498971
2026-01-14,510.0,512.75,505.05,508.55,476805.0,99.463676,100.980101,99.180887,100.693001,1.45,-0.925385,7.7,-0.929992,0.846642,0.005441,-1.68723,3.171121,0.005441,-0.163692,1.008971,-0.75492,-0.34793,0.29619,-0.75492,-0.096611,1.373468,-0.603417,0.421175,0.447455,-0.603417,-0.041378,1.236278,-0.715056,0.556834,0.933368,-0.715056,-0.031034,1.87661,-0.476578,0.041734,5.876366,-0.476578,0.015576,0.018014,0.019263,0.01285,0.014584,0.015488,0.016286,0.017229,0.01822,0.014997,0.015916,0.016693,0.018871,0.019961,0.022945,0.127787,0.540784,-0.088864,0.704556,-0.011553,1.820892,-0.002049,1.509601,-0.001123,3.49985
